0
0
0
0
0
0
0
0
0
0
0
0
0
1
0
0
0
0
0
0
0
0
0
0
0
0
0
0
0
0
0
0
0
0
0
0
0
0
0
0
0
0
0
0
0
1
0
0
0
0
1
0
0
0
0
1
0
1
0
0
0
1
0
1
0
1
0
0
1
1
0
1
1
0
1
2
1
0
0
0
0
0
0
0
0
0
0
0
0
0
0
0
0
0
0
0
0
0
0
0
0
0
0
0
0
1
0
0
0
0
0
0
0
0
0
0
0
0
0
0
0
0
0
0
0
0
1
2
0
1
3
0
0
0
1
3
0
1
0
0
0
0
1
1
1
1
2
2
2
3
2
2
2
1
0
0
0
1
1
1
1
0
0
1
0
1
5
2
4
6
0
0
0
1
0
1
0
1
1
2
1
1
0
0
0
0
1
0
3
8
7
0
0
0
0
2
0
0
6
1
1
0
1
1
6
1
0
0
3
6
3
0
4
0
0
1
8
8
1
2
2
0
1
14
0
3
0
6
0
0
0
0
0
0
6
7
7
8
1
4
6
7
3
1
1
1
0
2
3
0
1
4
1
3
2
5
2
4
3
2
1
6
8
0
8
2
0
1
2
2
1
3
1
0
1
2
1
12
9
1
2
4
1
1
4
0
6
1
1
3
0
6
2
3
6
3
3
8
5
6
0
2
3
2
3
0
0
1
1
2
1
4
1
6
10
0
1
1
0
1
5
2
0
3
1
2
1
6
0
1
1
10
8
8
6
0
1
4
1
1
5
1
3
4
7
3
6
3
1
1
3
2
4
4
2
4
2
1
0
2
0
1
0
0
0
0
0
3
0
0
0
3
2
2
2
1
7
2
2
1
1
1
1
0
0
0
0
12
3
0
0
1
0
0
0
1
0
0
0
0
0
9
2
0
0
0
20
1
1
6
6
5
1
1
2
0
1
1
0
1
1
2
0
1
5
1
6
5
3
5
2
2
0
1
0
0
16
1
1
4
1
11
0
5
5
0
0
16
13
6
9
19
1
1
18
1
1
4
10
4
11
1
7
11
1
3
5
8
1
1
3
2
7
1
0
6
0
0
2
1
5
4
2
1
1
5
8
11
2
5
5
1
2
3
0
3
4
1
1
5
0
3
0
6
9
0
7
0
1
0
6
0
0
0
0
5
4
6
4
1
5
0
4
0
7
5
2
5
4
1
1
0
2
2
2
0
0
1
3
2
3
2
2
1
5
7
1
5
2
2
3
25
16
6
16
2
0
2
2
9
7
4
10
1
5
0
7
11
0
3
0
15
2
1
12
1
10
0
1
7
2
18
0
1
4
1
1
1
1
1
4
2
10
5
3
6
5
0
0
1
4
2
1
1
0
0
0
2
7
3
2
3
12
3
4
1
7
1
1
1
0
10
1
1
6
0
2
0
4
15
0
0
1
0
0
0
1
0
0
7
1
0
0
1
1
1
1
7
2
5
1
10
2
8
12
20
2
3
0
0
14
4
1
8
0
23
0
9
0
0
1
1
1
1
0
0
2
0
0
5
0
0
33
18
1
0
0
0
2
0
1
1
4
0
2
0
14
1
31
0
0
0
1
11
25
5
6
15
6
1
14
13
2
2
12
10
2
3
1
3
5
2
1
2
2
5
1
3
11
1
2
0
27
1
3
9
1
3
9
9
8
14
1
1
9
7
3
2
3
0
17
0
1
0
0
0
0
13
3
1
11
1
0
0
1
2
20
1
0
1
1
1
4
0
0
0
6
3
0
0
0
0
2
6
7
20
3
13
7
7
5
7
1
3
7
0
15
2
0
4
3
1
21
24
3
4
18
3
2
2
30
20
27
23
4
2
2
8
5
2
25
3
1
16
23
24
36
2
4
7
2
3
2
6
15
1
2
22
0
18
8
1
6
19
1
12
9
2
20
10
8
2
1
34
1
7
8
8
4
36
2
1
20
23
7
7
18
9
4
10
19
19
1
6
1
1
2
2
1
4
12
1
1
1
2
1
3
29
1
19
22
1
10
20
20
36
6
13
0
6
24
8
2
4
2
1
3
26
19
1
4
1
0
19
4
34
2
16
6
3
3
19
2
22
7
4
7
10
1
2
41
2
30
20
1
15
1
15
10
11
7
0
32
1
3
57
5
3
3
28
0
8
23
37
27
54
30
1
29
3
3
29
23
6
9
3
14
12
2
42
12
5
7
41
0
6
2
0
0
5
4
28
20
2
0
0
1
5
0
2
10
34
25
17
30
8
5
12
14
15
34
3
14
2
10
7
30
18
15
13
1
0
0
1
2
0
0
18
0
24
24
16
17
6
1
5
5
1
1
7
12
8
3
16
12
4
4
1
1
1
5
4
3
3
3
4
2
1
2
0
0
0
0
0
4
2
2
2
0
0
0
0
0
0
1
0
0
0