0
0
0
0
0
0
0
0
0
0
0
0
0
0
0
0
0
0
0
0
0
0
0
0
0
0
0
0
0
0
0
0
0
0
0
0
0
0
0
0
0
0
0
0
0
0
0
0
0
0
1
0
0
0
0
0
0
0
0
0
0
0
0
0
0
0
0
0
0
0
0
0
0
0
0
0
0
0
0
0
0
0
0
0
0
0
0
0
0
0
0
0
0
0
0
0
0
0
0
0
0
0
0
0
0
0
0
0
0
0
0
0
0
0
0
0
0
0
0
0
0
0
0
0
0
0
0
0
0
0
0
0
0
0
0
0
0
1
0
0
0
0
0
0
0
0
0
0
3
0
0
3
4
0
0
0
0
0
0
0
0
0
0
0
0
0
4
0
5
0
1
0
0
0
0
0
0
0
0
1
0
0
0
0
0
0
5
0
0
1
0
0
0
0
0
3
0
0
6
0
0
0
0
0
0
2
0
0
0
3
0
0
0
0
0
0
9
6
0
0
0
0
0
9
0
3
0
0
0
0
0
0
0
0
3
25
0
6
0
0
3
3
0
0
0
0
0
0
0
0
0
4
0
6
0
0
3
6
0
3
0
3
0
0
15
4
0
0
3
0
3
0
0
2
0
5
0
0
18
0
0
0
0
0
12
0
36
0
3
3
0
6
12
0
0
0
0
15
18
0
6
0
0
3
0
0
3
0
0
0
0
15
0
4
3
3
3
0
0
0
6
0
0
0
2
0
0
0
0
0
3
15
75
27
0
0
3
0
0
2
6
0
0
9
0
3
9
0
0
0
0
0
3
3
0
0
3
0
0
0
0
0
3
0
0
0
0
12
0
0
0
0
0
3
0
0
0
0
0
3
0
0
0
0
0
0
0
18
0
0
3
0
0
0
0
0
0
4
0
3
0
0
6
0
0
0
89
0
0
15
0
6
0
0
0
0
14
0
0
0
0
3
0
0
12
0
0
0
0
3
0
0
0
0
0
0
0
6
3
0
0
0
0
6
8
0
0
9
0
3
0
36
0
3
0
0
0
0
0
3
3
0
24
33
0
3
3
18
0
0
0
0
0
2
0
6
0
0
6
0
0
0
0
0
0
9
6
12
0
12
3
0
0
6
0
9
3
0
3
3
0
9
0
0
6
0
7
0
0
0
22
0
0
0
2
0
3
3
4
3
3
0
0
0
6
18
0
6
3
0
0
3
3
0
3
0
0
0
12
3
0
0
0
0
0
0
0
3
0
0
0
30
9
36
0
0
0
3
0
9
0
0
3
0
0
0
6
9
0
3
0
24
0
0
3
0
3
0
0
41
0
54
3
3
3
3
0
3
0
0
0
0
6
0
0
0
3
0
3
5
0
2
0
0
0
0
0
0
0
0
0
12
12
15
0
12
36
0
3
0
3
3
0
12
5
0
3
0
0
30
0
0
0
0
0
0
0
0
0
0
0
0
0
0
0
0
0
12
0
3
0
6
0
32
0
18
0
9
0
0
0
3
3
17
0
193
0
3
0
0
0
0
10
0
0
0
0
0
0
0
6
0
7
7
0
0
0
0
0
0
0
0
9
0
0
0
34
3
112
6
0
0
0
6
3
6
0
3
12
0
6
15
0
0
9
0
0
0
0
0
4
32
0
0
0
20
0
0
72
0
3
0
12
9
0
0
6
0
24
11
8
16
0
0
12
31
0
4
18
0
4
0
0
0
0
0
0
8
0
0
243
0
0
0
9
0
0
0
0
0
0
0
0
0
0
0
4
0
0
0
0
0
16
0
0
12
0
131
4
20
0
4
0
0
16
0
4
0
0
0
4
0
8
46
0
4
19
0
5
0
4
36
308
48
0
0
0
0
0
0
0
0
0
4
21
16
72
0
0
4
4
0
0
94
8
0
0
19
0
6
4
0
0
18
0
4
14
7
8
12
4
4
0
13
0
52
5
0
23
20
0
0
15
51
4
0
25
0
4
7
25
23
0
0
0
12
0
4
0
0
0
0
0
0
9
0
3
20
0
296
44
0
0
40
15
75
5
5
13
108
25
5
0
10
0
0
5
25
0
0
0
0
0
20
0
560
42
30
5
0
0
30
0
145
0
0
10
5
0
10
40
0
75
0
0
15
0
40
0
5
0
5
95
10
15
250
5
15
5
35
0
30
45
10
105
1083
30
0
60
30
30
98
30
25
5
0
15
0
21
35
20
40
0
5
5
5
5
0
0
18
5
140
10
0
0
0
0
0
0
0
10
40
80
15
10
15
0
53
10
10
45
5
10
5
15
5
57
60
0
5
5
0
31
0
0
10
0
0
0
15
486
5
25
0
0
5
10
5
0
0
45
0
10
15
5
0
25
0
10
0
0
5
10
56
0
66
0
0
5
5
0
10
0
0
5
10
0
0
0
0
0
0
0
0
5
0
0
0