
Player Birthplace for Each Team
====================================================================================
              ENG   AUS  SCO  WAL   SA  IRE   NZ   FR  ARG ITA SAM TON Other Missing
------------------------------------------------------------------------------------
England      1,059   34   10   35   35   10   21   12   1   0   1   1   99     36   
Australia      18   763   3    1    8    3    49   0    3   1   1   4   26      4   
Scotland      112    31  583   9    13   1    27   1    1   1   0   0   70     192  
Wales         102    45   3   876   7    8    13   5    1   0   0   1   19     29   
SouthAfrica    15    3    5    3   609   3    4    3    0   1   0   0   54     45   
Ireland        62    4    0    3    6   760   17   1    0   0   0   0   33     172  
NewZealand     2     15   6    0    2    1   772   0    0   0  15   8    5      0   
France         2     0    0    1    10   0    3   945   3   4   0   0   36     46   
Argentina      1     0    0    0    0    0    0    0   311  0   0   0    5     494  
Italy          3     8    1    0    9    0    7    7   33  429  0   0   61     74   
Samoa          0     2    1    0    0    0    87   0    0   0  98   0    0     345  
Tonga          0     6    0    0    0    0    27   2    0   0   1  66    4     534  
------------------------------------------------------------------------------------
A count of the birthplace(columns) of players from each country (row).              
