1
0
0
2
2
2
2
1
0
0
2
4
2
7
7
1
0
0
2
3
3
1
1
1
4
5
9
1
4
2
7
5
1
2
2
1
3
1
5
1
0
2
4
3
1
1
4
0
2
0
0
1
2
1
4
6
3
2
1
1
0
4
5
4
5
2
2
1
0
1
2
1
2
1
1
3
1
2
2
2
1
2
1
1
1
1
1
0
1
0
0
1
1
4
0
6
3
4
0
0
3
1
1
2
4
1
4
7
0
0
7
4
0
1
0
1
1
1
2
1
1
4
6
3
2
1
10
5
2
3
4
1
1
7
0
5
2
10
2
5
1
1
0
8
4
3
6
1
4
5
3
2
4
0
3
3
5
2
4
1
3
1
1
1
3
1
1
1
5
2
4
1
1
6
1
1
12
1
3
4
5
5
2
3
4
3
2
3
8
1
5
13
1
19
1
1
1
10
2
0
7
10
1
1
1
2
1
1
0
2
10
1
2
2
1
1
8
1
4
3
0
0
0
2
10
2
2
4
4
5
2
4
2
2
4
4
5
1
5
2
1
2
4
0
10
1
6
3
3
2
2
3
3
4
8
7
0
1
10
1
0
0
0
0
4
1
2
7
0
23
0
12
12
17
15
1
19
1
4
0
0
1
2
12
0
0
1
0
0
1
0
1
0
0
1
0
6
3
10
10
2
6
0
0
0
9
2
0
1
10
7
5
3
1
4
19
1
12
10
5
3
19
1
27
27
2
2
0
0
16
1
1
9
2
2
1
4
4
3
15
1
2
25
0
1
0
1
20
1
7
9
3
18
3
3
3
11
9
4
8
13
5
14
8
21
11
1
25
12
6
21
2
1
0
1
4
21
12
13
1
1
1
0
2
6
1
6
17
3
0
0
10
1
2
24
4
0
28
2
9
9
13
5
3
2
18
15
24
8
1
10
3
3
2
4
8
2
1
1
0
0
14
32
36
32
2
2
51
9
0
16
21
0
15
46
36
2
19
1
2
12
33
1
23
2
0
1
5
0
3
34
0
0
19
0
12
0
22
0
1
0
0
67
12
10
4
5
1
2
21
11
15
1
27
1
1
22
0
12
1
0
1
4
2
2
49
29
9
7
5
10
4
72
10
3
1
2
16
6
31
6
17
4
3
3
23
5
0
68
7
4
4
10
7
41
3
3
62
70
27
6
11
4
2
7
4
9
55
7
12
14
1
81
7
2
4
2
6
45
13
66
18
24
7
80
12
80
4
11
9
34
58
1
5
28
12
8
6
16
40
2
32
1
5
2
12
38
7
18
14
1
35
17
27
12
25
61
8
0
29
59
12
2
8
3
0
14
2
1
12
29
8
22
1
2
29
54
5
1
9
2
2
4
5
4
41
12
17
16
15
9
19
29
10
5
5
21
20
17
10
22
15
1
0
0
2
8
13
4
9
1
15
1
12
11
5
7
8
2
8
5
4
2
1
2
0