0
0
0
0
3
0
0
0
0
0
0
0
3
20
0
0
0
0
0
0
0
0
0
0
0
7
12
0
0
0
10
0
0
0
6
0
3
3
0
0
0
0
0
0
0
0
18
0
0
0
0
4
0
0
0
3
0
0
6
0
0
30
0
15
3
0
0
0
0
0
0
0
0
0
0
18
0
3
0
3
0
4
3
0
0
0
2
0
0
0
0
5
0
0
0
21
6
6
0
0
0
0
0
3
6
3
0
6
0
0
36
9
0
0
0
3
0
0
0
0
0
0
19
3
8
0
3
15
0
0
2
0
0
3
0
9
3
19
0
0
0
0
0
11
9
0
3
0
0
0
0
0
22
0
0
6
3
9
0
0
3
0
0
0
0
0
0
0
7
3
0
0
0
3
0
0
25
0
3
0
3
31
0
3
3
6
0
0
13
3
3
42
0
24
3
0
0
8
0
3
3
6
0
0
0
0
2
0
0
0
6
0
3
0
0
0
9
0
3
0
0
0
0
0
3
0
0
7
3
9
0
0
0
0
3
9
3
0
19
0
0
0
34
0
31
3
70
0
0
0
0
6
0
0
18
4
0
11
4
3
0
0
0
0
4
0
0
0
0
4
0
12
32
8
24
0
84
9
24
0
0
0
0
0
0
0
0
0
0
0
0
31
0
0
0
0
0
0
133
12
7
12
0
0
0
4
0
4
4
16
4
0
0
0
4
23
0
12
16
0
8
12
0
77
68
0
0
0
0
4
0
0
47
0
0
0
0
4
38
4
0
0
483
0
0
0
0
20
0
8
4
8
8
4
17
0
21
0
0
4
8
0
20
4
36
4
0
0
0
20
8
0
0
0
0
0
8
0
46
0
0
0
0
0
0
0
0
30
0
4
0
7
0
4
294
0
0
110
0
0
13
20
4
0
4
93
4
5
0
0
4
15
0
0
13
5
4
0
0
0
0
10
19
29
15
10
5
105
13
0
5
77
0
24
1010
107
9
5
0
0
20
0
0
20
15
15
5
0
0
72
30
5
0
10
0
15
0
10
0
0
25
0
95
5
5
36
5
0
10
78
25
15
0
25
0
0
25
10
0
0
0
0
0
0
0
55
45
20
0
13
10
0
75
20
5
0
5
13
5
35
2
5
0
0
5
10
49
0
65
5
0
0
0
0
10
0
0
0
40
260
0
0
0
0
0
0
0
25
15
5
20
0
35
0
0
5
0
0
15
15
256
105
0
0
68
5
60
0
10
0
15
35
0
99
13
47
0
0
5
5
0
70
0
0
0
0
154
5
25
0
5
15
0
30
0
5
15
147
5
15
20
81
5
0
45
0
87
0
0
5
10
0
10
0
0
8
74
0
0
10
0
0
0
0
0
0
17
0
3
5
29
20
20
5
5
0
10
25
8
10
0
0
0
0
0
0
5
0
31
0
0
20
0
43
15
0
0
0
0
0
46
0
0
0
0
0