0
0
0
0
0
0
0
0
0
0
0
0
1
4
0
0
0
0
0
0
0
0
0
0
0
1
4
0
0
0
2
0
0
0
2
0
1
1
0
0
0
0
0
0
0
0
4
0
0
0
0
0
0
0
0
1
0
0
2
0
0
2
0
5
1
0
0
0
0
0
0
0
0
0
0
1
0
1
0
1
0
0
1
0
0
0
0
0
0
0
0
0
0
0
0
7
2
2
0
0
0
0
0
1
2
1
0
1
0
0
4
1
0
0
0
1
0
0
0
0
0
0
3
1
0
0
1
5
0
0
0
0
0
1
0
3
1
2
0
0
0
0
0
1
0
0
1
0
0
0
0
0
0
0
0
2
1
3
0
0
1
0
0
0
0
0
0
0
0
1
0
0
0
1
0
0
0
0
1
0
1
0
0
1
1
2
0
0
1
1
1
10
0
7
1
0
0
2
0
1
1
2
0
0
0
0
0
0
0
0
2
0
1
0
0
0
3
0
0
0
0
0
0
0
1
0
0
2
0
3
0
0
0
0
1
3
1
0
2
0
0
0
5
0
2
0
0
0
0
0
0
0
0
0
3
1
0
3
1
1
0
0
0
0
1
0
0
0
0
1
0
3
8
2
6
0
21
0
0
0
0
0
0
0
0
0
0
0
0
0
0
1
0
0
0
0
0
0
0
3
1
3
0
0
0
1
0
1
1
4
1
0
0
0
1
5
0
3
4
0
2
3
0
17
17
0
0
0
0
1
0
0
2
0
0
0
0
1
0
1
0
0
7
0
0
0
0
5
0
2
1
2
2
1
0
0
0
0
0
1
2
0
5
1
9
1
0
0
0
5
2
0
0
0
0
0
2
0
11
0
0
0
0
0
0
0
0
7
0
1
0
1
0
1
2
0
0
25
0
0
1
5
1
0
1
6
1
1
0
0
1
3
0
0
1
1
1
0
0
0
0
2
4
6
3
2
1
21
3
0
1
16
0
6
9
22
2
1
0
0
4
0
0
4
3
3
1
0
0
5
6
1
0
2
0
3
0
2
0
0
5
0
19
1
1
8
1
0
2
2
5
3
0
5
0
0
5
2
0
0
0
0
0
0
0
11
9
4
0
2
2
0
15
4
1
0
1
2
1
7
0
1
0
0
1
2
2
0
13
1
0
0
0
0
2
0
0
0
8
4
0
0
0
0
0
0
0
5
3
1
4
0
7
0
0
1
0
0
3
3
17
0
0
0
13
1
12
0
2
0
3
7
0
0
1
1
0
0
1
1
0
14
0
0
0
0
3
1
5
0
1
3
0
6
0
1
3
1
1
3
4
0
1
0
9
0
1
0
0
1
2
0
2
0
0
1
7
0
0
2
0
0
0
0
0
0
0
0
0
1
0
4
4
1
1
0
2
5
0
2
0
0
0
0
0
0
1
0
0
0
0
4
0
2
3
0
0
0
0
0
0
0
0
0
0
0