0
0
0
0
0
0
0
0
0
0
0
0
0
0
0
0
0
0
0
0
0
0
0
0
0
0
0
0
0
0
0
0
0
0
0
0
0
0
0
0
0
0
0
0
0
0
0
0
0
0
0
0
0
0
0
0
0
0
0
0
0
0
0
0
0
0
0
0
0
0
0
0
0
0
0
0
0
0
0
0
0
0
0
0
0
0
0
0
0
0
0
0
0
0
0
0
0
0
0
0
0
0
0
0
0
0
0
0
0
0
0
0
0
0
0
0
0
0
0
0
0
0
0
0
0
0
0
0
0
0
0
0
0
0
0
0
0
0
0
0
0
0
0
0
0
0
0
0
0
0
0
0
0
0
0
0
0
0
0
0
0
0
0
0
0
0
0
0
0
0
0
0
0
0
0
0
0
0
0
0
0
0
0
0
0
0
0
0
0
0
0
0
0
0
0
0
0
0
0
0
0
0
0
0
0
0
0
0
0
0
0
0
0
0
0
0
0
0
0
0
0
0
0
0
0
0
0
0
0
0
0
0
0
0
0
0
0
0
0
0
0
0
0
0
0
0
0
0
0
0
0
0
0
0
0
0
0
0
0
0
0
0
0
0
0
0
0
0
0
0
0
0
0
0
0
0
0
0
0
0
0
0
0
0
0
0
0
0
0
0
0
0
0
0
0
0
0
0
0
0
0
0
0
0
0
0
0
0
0
0
0
0
0
0
0
0
0
0
0
0
0
0
0
0
0
0
0
0
0
12
0
0
4
2
1
0
2
3
4
15
0
2
26
1
3
1
1
30
1
6
5
5
14
4
2
6
9
13
2
10
10
2
15
5
22
12
1
17
12
9
19
4
0
1
4
11
19
9
15
2
0
0
1
1
3
2
3
17
2
2
1
5
1
2
23
3
0
25
1
2
3
12
2
0
1
16
4
18
0
1
9
5
0
0
2
12
0
0
0
1
1
11
27
32
21
5
8
31
14
1
13
16
1
16
29
27
4
11
4
3
12
15
1
18
2
4
4
2
1
9
10
1
1
17
2
10
1
12
1
1
3
3
33
3
9
5
1
0
2
12
5
10
0
12
0
0
10
1
3
3
1
3
0
0
0
21
9
8
6
2
4
4
30
10
1
1
3
6
0
11
1
5
0
2
2
11
6
1
23
1
0
4
5
2
15
1
1
20
32
12
3
3
1
0
6
0
4
25
3
6
8
1
29
1
1
1
1
1
18
1
22
5
9
3
31
3
29
4
1
2
19
27
0
6
13
7
6
3
7
13
2
15
1
2
1
4
10
2
6
9
2
11
6
10
4
8
25
8
1
10
16
4
1
3
4
1
7
2
1
5
9
1
7
0
1
6
14
2
0
6
0
0
0
0
1
13
2
7
4
9
5
11
13
2
5
3
8
7
5
4
6
5
1
1
1
2
2
3
0
2
0
1
0
2
2
0
1
0
0
2
2
1
0
1
1
1