1
2
0
0
0
0
0
0
0
1
2
0
0
0
0
1
1
0
3
0
3
1
3
1
1
1
2
1
4
2
1
1
1
1
0
3
0
2
0
6
1
0
0
0
1
1
1
4
2
1
1
4
2
1
1
4
4
1
3
2
2
1
4
1
8
1
1
0
1
1
1
1
1
2
1
1
1
3
2
1
3
2
2
1
1
1
1
5
4
1
1
0
0
0
1
0
1
12
0
6
4
1
1
3
1
1
1
2
2
4
0
1
3
5
0
3
1
1
7
1
3
10
2
1
1
1
1
1
1
2
2
2
2
1
1
1
2
1
0
0
7
4
1
1
0
0
6
6
4
5
3
8
2
4
8
7
2
2
4
1
5
3
1
1
2
3
1
1
1
2
2
2
3
6
1
3
2
1
8
2
2
2
2
1
0
0
0
0
2
0
8
0
0
0
0
2
1
3
1
7
5
1
3
1
1
1
1
5
1
1
7
3
2
1
9
0
5
3
2
9
1
4
2
11
1
5
2
2
2
2
2
0
3
3
3
1
2
2
1
3
1
2
3
7
3
1
1
1
0
1
1
0
2
1
1
1
0
2
1
2
7
1
1
1
2
1
3
0
0
0
0
3
3
3
2
2
2
3
2
2
1
0
3
2
2
1
1
1
1
0
0
1
0
1
0
0
0
2
0
2
1
5
2
0
2
3
2
2
4
0
0
0
0
0
0
0
1
4
1
1
1
0
1
4
0
2
4
3
0
3
0
0
1
0
0
0
0
1
0
1
1
0
0
1
1
3
1
3
1
1
2
1
4
0
0
0
0
0
0
0
0
0
1
2
0
0
0
0
1
0
2
0
5
2
0
0
4
2
0
2
3
4
0
2
0
1
0
0
0
2
0
1
1
1
1
1
1
1
0
0
0
0
0
0
3
0
3
1
0
3
0
8
0
1
0
0
0
4
0
0
0
0
4
0
5
7
4
0
0
0
12
11
2
2
1
0
0
1
2
3
1
1
3
1
0
0
0
0
0
1
0
2
2
2
2
2
2
2
1
2
1
0
0
0
0
0
0
0
0
0
0
0
3
1
0
2
2
3
2
4
1
2
14
2
1
1
1
3
3
3
6
4
13
15
2
1
0
1
3
2
4
7
1
1
10
1
2
2
14
8
1
5
0
3
1
3
3
2
4
3
3
11
1
2
3
4
20
21
10
2
6
3
1
4
3
1
3
1
3
1
2
1
1
1
6
0
1
6
13
0
8
1
0
20
1
15
1
1
12
2
2
15
19
13
5
8
8
22
1
11
0
14
1
2
2
1
4
1
1
1
2
10
3
4
9
5
4
5
4
12
2
4
1
4
0
2
1
1
12
0
1
1
1
2
0
1
1
9
1
3
1
1
1
3
5
8
6
7
1
1
1
0
0
0
0
0
10
5
2
5
3
3
3
4
5
1
1
1
1
1
2
1
1
0
4
6
1
1
1
1
4
4
2
2
4
4
2
5
1
2
2
0
1
0
2
0
0
0
3
0
0
0
0
0
2
6
0
0
1
0
1
0
1
0
8
2
5
0
0
0
5
3
5
9
1
2
11
3
3
1
1
1
10
10
6
3
3
8
2
1
1
1
5
2
1
5
5
0
1
2
1
0
1
2
6
3
7
2
2
6
3
2
5
3
1
2
2
1
1
3
1
0
2
2
1
7
2
2
1
2
1
1
3
2
9
3
2
4
3
1
1
3
2
3
3
8
0
2
1
2
2
1
1
7
17
0
0
2
0
3
1
2
0
9
5
1
0
0
0
0
2
0
2
3
2
12
2
6
3
4
1
0
0
8
1
1
1
4
0
0
0
0
0
0
0
0
10
1
7
1
1
1
1
1
2
4
6
5
8
0
3
6
2
8
18
5
7
9
2
3
5
3
4
1
1
1
2
3
2
0
8
1
0
1
1
0
1
1
3
11
14
15
14
17
14
11
0
10
6
3
2
7
3
11
4
2
1
1
4
1
1
1
1
1
2
4
4
8
5
7
13
5
1
1
1
0
0
10
6
2
5
1
1
0
0
1
0
4
5
1
3
3
4
2
3
1
3
0
1
0
1
0
1
2
1
1
1
1
3
1
0
1
0
1
1
0
3
15
3
0
6
0
0
2
0
2
0
2
3
0
1
7
1
4
2
3
5
2
4
0
1
1
1
6
1
1
0
0
3
1
12
5
4
7
5
1
0
3
2
2
2
9
2
0
0
0
3
0
0
1
3
15
0
2
2
1
17
0
7
0
8
0
0
4
4
8
3
1
0
0
4
1
2
4
3
0
1
13
15
6
12
1
2
11
16
19
2
0
1
0
1
2
0
4
1
5
1
1
0
0
0
15
0
2
2
6
4
17
14
7
1
0
17
4
19
1
7
16
7
1
7
9
6
2
11
5
3
6
0
2
2
3
31
2
2
12
2
2
4
2
2
13
5
31
0
1
13
3
3
13
2
1
8
10
7
6
1
9
8
21
20
4
8
10
5
2
9
11
2
8
5
1
1
15
1
3
20
2
12
19
11
5
4
4
2
1
3
6
0
8
1
0
17
2
0
0
1
28
1
1
0
11
11
2
7
7
16
12
19
9
2
17
5
25
1
18
0
1
0
18
24
30
9
3
6
2
14
29
2
8
8
0
6
21
16
9
30
5
3
1
1
3
11
28
1
1
1
11
0
15
4
4
28
28
1
2
1
2
3
1
1
25
10
2
3
2
2
1
7
0
1
1
4
30
17
24
13
25
1
1
17
27
19
26
22
0
0
0
0
2
13
18
5
16
1
25
0
2
0
0
0
0
0
3
0
1
1
4
1
8
20
6
2
14
26
3
17
0
14
19
1
2
8
0
12
6
25
3
3
7
8
12
2
2
10
13
28
3
1
10
21
7
3
23
3
15
2
1
1
2
1
2
6
6
6
2
5
20
4
2
23
4
1
7
3
7
9
25
2
1
12
7
1
16
1
15
2
14
2
18
5
19
15
5
7
3
11
6
10
4
1
0
8
2
11
7
11
10
0
6
4
12
3
7
2
7
8
6
2
5
0
0
4
1
7
4
3
0
1
4
2
3
1
1
4
1
3
3