0
0
0
0
0
0
0
0
0
0
0
0
0
0
0
0
0
0
0
0
0
0
0
0
0
0
2
1
0
0
0
0
0
0
0
0
0
0
0
0
0
0
0
0
0
0
0
0
0
0
0
0
0
0
0
0
0
0
0
0
0
1
4
0
19
0
0
0
0
0
0
0
0
0
0
0
0
0
0
0
0
0
0
0
0
0
0
0
0
0
0
0
0
0
0
0
0
0
0
0
0
0
0
0
0
0
0
0
0
0
0
0
0
0
0
0
0
0
0
0
0
0
2
0
0
0
0
0
0
0
0
0
0
0
0
0
0
0
0
0
2
0
0
0
0
0
1
0
3
0
0
0
0
0
0
0
0
0
0
0
0
0
0
0
1
0
0
0
0
0
0
0
0
5
0
0
0
0
3
0
0
0
0
0
0
0
0
0
0
0
28
0
0
0
0
0
0
2
0
7
2
0
0
0
0
3
0
0
1
0
3
1
1
2
6
0
2
2
0
1
0
11
0
2
2
0
0
0
0
2
2
0
0
0
0
0
2
2
0
3
0
0
0
15
5
0
0
0
0
0
0
2
6
0
0
0
0
3
0
0
36
0
0
0
9
0
0
0
0
0
0
0
3
6
3
0
3
5
0
3
0
0
15
0
0
0
0
0
0
0
0
0
0
0
0
0
0
0
0
0
0
5
0
0
24
5
0
0
7
0
0
0
0
0
0
0
0
4
3
0
3
0
0
0
0
3
3
0
0
0
0
0
0
0
0
0
0
0
0
0
3
0
0
6
7
0
0
3
0
0
7
0
3
0
6
0
0
0
0
0
0
0
13
0
0
0
0
0
0
0
0
0
9
0
0
0
3
0
0
6
0
9
0
8
0
0
0
0
0
10
0
0
0
0
0
0
6
0
3
0
0
0
0
0
0
0
3
0
0
0
0
6
0
0
0
0
3
4
0
0
0
0
27
3
0
6
12
0
0
0
34
0
6
0
3
0
3
0
0
46
0
3
9
0
0
0
3
0
0
6
0
0
0
0
6
3
0
8
0
6
0
3
0
0
0
0
0
0
0
0
0
0
12
0
0
6
0
0
0
3
0
3
28
0
10
0
0
4
0
6
20
0
0
30
0
3
0
0
4
0
0
6
0
0
6
0
3
0
12
0
3
15
3
0
4
9
3
3
0
3
0
30
0
3
0
18
24
58
0
0
0
0
0
0
0
0
0
0
3
0
0
0
0
0
2
16
0
12
6
0
3
0
0
18
0
25
0
0
25
0
6
13
21
9
3
3
3
3
3
15
0
6
0
0
3
0
6
0
0
0
0
16
0
0
3
18
0
12
0
6
0
12
0
6
0
9
3
0
18
0
0
0
0
6
0
8
0
13
0
0
3
0
3
0
3
15
0
5
0
0
0
0
0
0
0
0
21
6
0
23
0
6
6
0
0
0
0
6
0
0
6
4
0
3
18
0
0
3
3
0
18
0
0
0
34
2
0
2
0
3
0
0
0
0
3
0
0
0
23
0
0
0
0
0
0
4
0
0
0
0
9
0
2
0
0
0
0
0
0
0
0
0
3
3
0
0
0
6
9
0
3
0
0
14
0
6
12
0
3
0
0
14
6
0
0
6
17
0
0
0
0
0
0
6
19
0
0
3
0
0
0
0
3
0
0
7
9
2
3
3
24
0
0
0
0
15
0
3
0
0
0
0
3
2
39
3
0
0
0
0
0
0
0
4
0
6
0
0
3
0
0
0
3
6
15
0
0
0
0
3
7
0
0
6
0
0
0
0
0
0
4
0
3
0
9
3
3
0
0
6
0
0
7
0
0
0
12
3
0
0
0
2
0
0
3
0
3
0
0
0
0
0
0
2
0
6
0
9
21
0
0
6
0
3
27
12
3
6
5
0
0
0
3
0
4
0
0
3
3
0
11
9
0
0
3
0
3
0
15
3
16
24
0
0
3
0
0
15
0
10
3
3
9
15
9
0
0
0
18
0
0
0
0
0
3
0
0
18
41
29
6
0
0
0
0
0
0
9
22
3
0
0
3
0
0
0
0
3
0
0
3
0
3
0
6
0
63
0
6
0
0
0
0
3
0
0
0
0
0
0
0
0
0
0
3
0
0
3
3
0
6
3
3
18
0
0
0
0
3
0
0
6
6
9
0
0
3
0
6
0
6
0
0
138
0
0
0
3
0
0
36
0
3
4
6
0
0
0
0
3
0
8
0
3
0
0
22
0
0
3
0
19
0
0
34
0
4
6
4
0
19
4
0
0
98
8
0
0
0
0
7
20
8
0
0
0
0
8
12
4
24
0
0
240
0
0
23
10
0
0
4
4
0
48
0
4
0
4
0
0
0
32
0
0
4
0
15
4
15
12
0
0
4
0
0
0
0
28
12
4
0
16
0
0
16
4
0
82
0
0
0
0
13
0
0
0
0
0
0
0
0
8
4
215
0
0
0
4
0
8
0
0
0
8
34
0
0
0
4
407
12
4
0
4
12
0
12
32
0
8
8
0
0
24
0
0
4
0
296
54
12
12
32
4
4
0
4
4
0
21
0
0
150
203
4
0
12
5
0
4
0
0
25
15
5
65
15
40
10
15
69
88
0
142
0
0
0
0
0
15
85
111
400
20
0
10
37
10
5
35
30
0
15
60
75
0
30
5
10
0
0
0
15
10
3
23
0
155
0
50
15
15
10
1246
0
0
0
0
0
0
0
110
5
5
0
0
0
0
120
0
5
0
0
50
155
74
65
0
0
10
150
10
10
50
35
0
41
0
5
0
82
0
15
269
5
20
0
6
0
5
0
0
0
15
0
5
0
10
5
5
0
0
0
0
100
5
0
5
25
25
0
0
107
0
0
0
5
15
0
5
0
5
0
0
10
55
301
5
0
5
30
10
5
20
0
30
0
0
0
0
0
0
0
0
59
0
5
30
0
10
44
0
0
20
5
15
44
5
0
0
35
20
0
5
0
10
0
0
0
5
0
45
95
10
0
0
0
5
55
0
10
0
10
0
290
0
25
5
0
5
5
0
20
3
0
0
10
5
57
15
0
0
5
0
15
15
20
2
0
15
20
109
0
0
0
0
0
10