 1930
 1930
 1930
 1930
 1930
 1930
 1930
 1930
 1930
 1930
 1930
 1930
 1930
 1930
 1930
 1930
 1932
 1932
 1932
 1932
 1932
 1932
 1932
 1932
 1932
 1932
 1932
 1932
 1932
 1934
 1934
 1934
 1934
 1934
 1934
 1934
 1934
 1934
 1934
 1936
 1936
 1936
 1936
 1936
 1936
 1936
 1936
 1936
 1936
 1936
 1936
 1936
 1952
 1952
 1952
 1952
 1952
 1952
 1952
 1952
 1952
 1952
 1952
 1952
 1952
 1952
 1952
 1952
 1952
 1952
 1952
 1952
 1952
 1952
 1952
 1953
 1953
 1953
 1953
 1953
 1953
 1953
 1953
 1953
 1953
 1956
 1956
 1956
 1956
 1956
 1956
 1956
 1956
 1956
 1956
 1956
 1956
 1956
 1956
 1956
 1958
 1958
 1958
 1958
 1958
 1958
 1958
 1958
 1958
 1958
 1958
 1959
 1959
 1959
 1959
 1959
 1959
 1959
 1959
 1959
 1959
 1959
 1959
 1959
 1959
 1963
 1963
 1963
 1963
 1963
 1963
 1963
 1963
 1963
 1963
 1963
 1963
 1967
 1967
 1967
 1967
 1967
 1967
 1967
 1967
 1967
 1967
 1967
 1967
 1967
 1967
 1967
 1967
 1967
 1967
 1967
 1967
 1968
 1968
 1968
 1968
 1968
 1969
 1969
 1969
 1969
 1969
 1969
 1970
 1970
 1970
 1970
 1970
 1970
 1970
 1970
 1971
 1971
 1972
 1972
 1973
 1973
 1973
 1973
 1973
 1973
 1973
 1973
 1973
 1974
 1974
 1974
 1974
 1974
 1974
 1974
 1974
 1974
 1974
 1974
 1974
 1975
 1975
 1975
 1975
 1975
 1976
 1976
 1976
 1976
 1976
 1976
 1976
 1976
 1976
 1976
 1976
 1976
 1976
 1976
 1977
 1977
 1977
 1977
 1977
 1978
 1978
 1978
 1978
 1978
 1979
 1979
 1979
 1979
 1979
 1980
 1980
 1980
 1980
 1980
 1980
 1980
 1980
 1980
 1980
 1980
 1980
 1980
 1982
 1982
 1982
 1982
 1982
 1982
 1982
 1982
 1982
 1983
 1983
 1983
 1983
 1983
 1984
 1984
 1984
 1984
 1984
 1985
 1985
 1985
 1985
 1985
 1985
 1979
 1985
 1986
 1986
 1986
 1986
 1986
 1986
 1986
 1986
 1986
 1986
 1986
 1987
 1984
 1987
 1987
 1987
 1987
 1988
 1988
 1988
 1988
 1988
 1988
 1988
 1988
 1988
 1989
 1989
 1989
 1989
 1987
 1990
 1990
 1990
 1990
 1990
 1990
 1990
 1990
 1991
 1991
 1991
 1991
 1992
 1992
 1992
 1992
 1992
 1992
 1993
 1993
 1993
 1993
 1993
 1987
 1994
 1994
 1994
 1994
 1994
 1995
 1995
 1995
 1995
 1996
 1996
 1996
 1996
 1996
 1996
 1996
 1996
 1996
 1996
 1996
 1996
 1996
 1996
 1994
 1997
 1997
 1997
 1994
 1997
 1997
 1997
 1997
 1997
 1998
 1998
 1998
 1998
 1998
 1998
 1998
 1998
 1998
 1998
 1989
 1992
 1999
 1999
 1999
 1999
 1999
 1999
 2000
 2000
 2000
 2000
 2000
 2000
 2000
 2000
 2000
 2000
 2000
 2000
 2000
 2000
 2000
 2000
 2000
 2000
 2000
 2000
 2000
 2000
 2000
 2000
 2000
 2001
 2001
 2001
 2001
 2001
 2001
 2001
 2001
 2001
 2001
 2001
 2001
 2001
 2001
 2001
 2002
 2002
 2002
 2002
 2002
 2002
 2002
 2002
 2002
 2002
 2002
 2002
 2002
 2003
 2003
 2003
 2003
 2003
 2003
 2004
 2004
 2004
 2004
 2004
 2004
 2004
 2004
 2004
 2004
 2004
 2004
 2004
 2004
 2004
 2004
 2004
 2004
 2004
 2004
 2004
 2005
 2005
 2005
 2005
 2005
 2005
 2005
 2005
 2005
 2005
 2005
 2005
 2005
 2005
 2005
 2005
 2005
 2005
 2006
 2006
 2006
 2006
 2006
 2006
 2006
 2007
 2007
 2007
 2007
 2007
 2007
 2007
 2007
 2007
 2007
 2007
 2007
 2007
 2007
 2007
 2008
 2008
 2008
 2008
 2008
 2008
 2008
 2008
 2008
 2008
 2008
 2008
 2008
 2008
 2008
 2008
 2008
 2008
 2008
 2008
 2008
 2008
 2009
 2009
 2009
 2009
 2009
 2009
 2009
 2009
 2009
 2009
 2009
 2009
 2010
 2010
 2010
 2010
 2010
 2010
 2010
 2010
 2010
 2011
 2011
 2011
 2011
 2011
 2011
 2011
 2012
 2012
 2012
 2012
 2012
 2012
 2012
 2012
 2012
 2012
 2012
 2012
 2012
 2012
 2012
 2012
 2013
 2013
 2013
 2013
 2013
 2013
 2013
 2013
 2014
 2014
 2014
 2014
 2014
 2014
 2014
 2014
 2014
 2015
 2015
 2015