2
0
0
0
0
2
0
2
0
0
1
0
2
0
0
0
2
1
2
2
3
2
3
3
2
2
3
2
2
1
1
0
0
1
1
0
1
1
1
0
0
0
0
0
0
0
0
0
0
0
0
0
0
0
0
0
0
0
0
0
0
0
0
0
0
0
0
0
0
0
0
0
0
0
0
0
0
0
0
0
0
0
0
0
0
0
0
0
0
1
0
0
0
0
0
0
0
0
0
0
1
0
0
0
0
0
0
0
0
0
0
0
0
0
0
0
0
0
0
0
0
1
0
0
0
2
8
1
1
1
1
1
1
1
3
1
1
4
1
1
0
1
2
2
1
5
0
4
5
0
0
0
0
0
0
0
0
6
7
6
7
2
6
1
1
1
7
1
1
2
3
3
1
0
5
3
2
5
1
2
4
2
0
0
0
2
1
5
2
2
10
3
6
4
1
1
1
8
5
1
1
1
2
0
1
1
2
0
2
1
0
1
0
1
3
7
1
1
0
2
0
1
0
1
7
1
1
0
0
2
18
10
1
8
7
16
12
0
24
4
7
1
27
7
16
4
1
3
0
7
3
1
2
27
9
1
1
1
6
23
1
1
9
8
12
1
8
7
11
8
2
19
2
13
1
1
14
16
2
2
1
3
26
9
1
6
4
23
1
4
3
1
17
2
1
2
1
20
2
2
4
4
19
7
8
9
6
17
7
1
28
1
1
4
26
47
3
27
5
2
3
23
6
0
2
1
10
2
5
10
2
0
1
22
1
1
1
11
13
4
36
12
9
2
19
1
4
8
20
7
30
0
26
6
11
12
3
17
5
2
8
11
26
3
9
8
4
2
2
5
5
1
1
10
8
6
7
14
0
0
5
2
16
5
13
5
3
15
19
17
2
4
2
4
7
3
1
1
1
8
1
1
1
1
11
3
8
0
0
4
10
17
1
19
0
6
3
37
1
24
9
11
4
27
12
1
2
3
1
1
1
1
1
6
6
2
9
12
4
4
0
16
12
4
2
8
30
4
5
5
20
3
9
2
3
2
3
3
7
9
2
11
18
7
4
4
14
5
3
1
1
4
2
0
26
19
3
4
13
8
18
8
5
7
5
1
12
12
15
11
14
2
11
6
7
19
4
0
3
2
1
15
1
1
2
0
0
1
3
0
14
11
11
2
17
9
1
2
9
0
3
0
0
5
11
2
1
3
0
3
8
0
6
8
6
2
2
4
3
0
1
0
0
4
13
2
1
3
0
2
3
3
2
8
6
3
6
3
8
0
1
4
0
0
0
8
5
6
6
1
5
4
0
1
0
1
1
0
0
0
1
1
1
1
0
0
0