3
0
0
0
0
8
0
0
0
0
0
0
15
0
0
0
0
0
3
0
33
0
0
0
3
3
0
3
3
0
0
0
0
0
0
0
3
0
0
0
0
0
0
0
3
0
0
0
0
0
0
0
0
0
0
3
0
0
0
0
0
0
0
0
0
0
0
0
11
0
0
0
9
9
0
3
0
0
0
0
0
0
6
3
0
0
0
0
0
9
0
0
0
3
6
3
0
0
0
0
8
9
3
0
0
0
3
3
0
0
3
10
6
0
0
0
0
2
0
0
0
0
0
0
0
3
63
0
3
0
0
0
0
0
10
0
0
10
0
0
0
0
8
0
3
40
0
94
8
0
0
0
0
3
0
0
0
0
8
11
0
0
0
0
0
0
0
0
0
14
10
0
0
0
4
0
0
28
0
0
48
4
6
0
0
0
0
99
3
24
8
0
20
12
6
4
4
73
44
0
0
0
4
0
3
0
0
0
0
0
0
0
0
0
24
18
0
0
0
0
0
0
0
0
0
0
4
0
4
0
0
8
0
32
4
16
4
0
16
0
8
5
12
12
28
16
0
0
0
67
0
0
0
18
0
0
0
0
23
12
0
0
0
4
12
0
0
4
0
4
0
39
0
20
0
0
61
5
0
0
0
0
5
4
0
11
0
18
0
25
0
0
21
12
0
0
0
97
0
14
15
4
28
0
5
4
4
5
115
0
5
5
0
0
84
45
26
147
5
0
20
70
35
7
0
0
0
5
38
45
10
10
0
422
0
0
0
30
5
5
30
15
0
10
40
0
0
0
25
25
345
0
10
0
10
40
0
50
5
0
0
0
5
34
10
15
25
27
0
5
25
0
0
18
15
5
35
0
0
0
40
0
30
0
10
0
0
15
347
71
0
0
0
10
10
0
0
0
0
0
0
0
0
0
15
22
20
0
0
9
45
5
0
0
0
20
0
275
0
5
5
5
70
35
10
10
5
15
0
0
5
0
0
0
10
10
0
0
0
0
4
5
10
10
15
61
65
0
72
15
90
25
0
5
0
5
0
0
10
5
0
25
20
0
0
0
570
0
5
0
15
35
0
0
160
10
5
5
5
55
80
10
0
10
67
10
286
72
60
10
15
0
33
55
20
45
5
0
0
10
0
193
10
43
15
5
0
0
0
5
40
198
110
0
50
0
17
5
55
0
5
0
0
10
0
0
0
35
0
5
30
0
100
60
20
20
10
0
15
5
10
0
52
0
5
25
5
40
0
0
2
5
5
5
5
10
33
10
51
0
10
120
0
10
5
55
30
5
40
10
50
5
4
5
50
20
20
5
5
10
30
0
0
0
5
0
0