0
0
0
0
0
0
0
0
0
0
0
0
0
0
0
0
0
0
0
0
0
0
0
0
0
0
0
0
0
0
0
0
0
0
0
0
0
0
0
0
0
0
0
0
0
0
0
0
0
0
0
0
0
0
0
0
0
0
0
0
0
0
0
0
0
0
0
0
0
0
0
0
0
0
0
0
0
0
0
0
0
0
0
0
0
0
0
0
0
0
0
0
0
0
0
0
0
0
0
0
0
0
0
0
0
0
0
0
0
0
0
0
0
0
0
0
0
0
0
0
0
0
0
0
0
0
0
0
0
0
0
0
0
0
0
0
0
0
0
0
0
0
0
0
0
0
0
0
0
0
0
0
0
0
0
0
0
0
0
0
0
0
0
0
0
0
0
0
0
0
0
0
0
0
0
0
0
0
0
0
0
0
0
0
0
0
0
0
0
0
0
0
0
0
0
0
0
0
0
0
0
0
0
0
0
0
0
0
0
0
0
0
0
0
0
0
0
0
0
0
0
0
0
0
2
1
2
1
1
1
5
4
0
5
5
8
5
0
7
4
3
0
10
5
6
2
2
1
1
3
2
0
0
7
1
0
0
1
1
6
0
0
1
2
2
0
2
0
1
0
0
10
0
4
0
0
8
10
1
1
0
0
17
0
0
0
0
11
0
0
0
0
10
0
0
0
0
11
0
1
4
1
12
4
8
5
2
5
3
0
20
0
0
1
15
31
1
20
5
2
6
20
2
1
0
0
7
2
3
6
5
1
1
18
1
0
0
6
3
2
26
13
7
3
14
0
1
4
10
5
27
1
16
0
6
9
1
8
0
0
2
2
14
2
11
9
2
6
3
3
6
0
0
28
21
5
13
9
1
1
4
0
8
1
5
1
0
9
9
15
0
2
0
1
8
1
0
0
1
2
1
1
0
0
8
2
4
1
1
5
11
8
2
12
1
7
0
41
1
14
7
9
6
20
6
2
0
1
1
0
0
0
1
3
0
1
1
10
1
3
1
9
9
1
4
5
54
2
3
5
19
3
4
0
0
4
0
0
5
7
5
4
7
5
1
3
32
3
2
3
2
6
0
1
41
23
1
5
10
5
20
7
2
5
12
2
19
11
16
13
16
4
13
20
6
31
3
1
0
1
0
22
5
6
9
3
4
2
3
3
29
23
27
2
44
27
6
4
28
1
15
1
1
16
28
3
5
4
2
6
23
1
13
25
23
7
5
9
17
3
4
3
3
6
27
24
5
4
1
1
2
5
4
23
12
6
23
4
23
2
9
17
1
3
1
19
11
20
14
4
7
3
4
1
11
5
5
2
3
2
4
1
1
1
2
3
3