3
3
2
3
2
2
11
2
2
2
4
3
2
4
2
2
2
2
2
2
1
1
1
3
1
2
3
3
2
1
5
3
0
0
7
2
7
2
2
1
2
1
2
2
1
5
5
3
5
3
5
5
3
3
3
7
5
1
2
4
2
2
2
1
1
1
1
1
2
1
8
4
3
2
2
0
1
1
1
1
1
1
1
3
1
2
2
3
3
2
4
3
1
2
3
5
2
0
2
3
3
1
1
2
1
2
0
3
4
1
1
1
8
4
3
3
1
5
1
3
1
3
3
2
1
1
1
0
1
10
6
5
1
1
0
4
4
2
4
1
4
2
6
1
2
1
1
2
2
2
4
6
5
0
1
8
0
0
0
0
0
3
0
0
5
0
0
3
0
0
10
4
5
12
9
3
3
4
2
3
4
6
1
0
1
1
8
1
0
0
1
2
7
1
6
1
8
2
2
2
7
0
6
1
0
3
0
6
3
0
0
9
0
0
5
2
9
11
2
1
6
2
3
8
1
13
1
3
3
7
1
3
2
5
4
2
1
7
6
0
8
1
1
0
0
1
1
1
1
0
0
0
0
0
0
4
10
0
0
0
0
0
0
5
0
0
0
4
1
0
5
10
0
1
0
10
0
3
6
6
6
3
3
7
6
5
2
7
7
1
6
1
12
3
16
2
6
7
2
1
6
1
2
8
2
6
3
5
3
0
0
1
1
3
3
13
1
5
2
8
2
14
1
3
4
6
16
3
1
1
11
11
3
3
9
1
10
9
3
2
3
26
1
1
1
6
3
2
0
1
4
1
2
4
1
9
1
6
1
4
7
7
7
8
2
29
1
1
1
4
10
8
1
1
0
0
0
1
2
1
2
1
2
20
14
0
1
0
6
4
10
4
4
0
5
0
0
0
0
0
9
4
1
2
1
23
7
2
5
0
4
7
1
0
13
6
3
3
3
1
2
7
1
3
2
6
2
2
1
1
4
3
14
16
2
2
11
2
2
1
1
1
1
3
7
4
2
2
0
8
5
2
19
2
1
3
1
17
6
1
2
7
2
4
5
2
9
3
23
3
3
4
8
13
11
23
23
9
14
4
20
5
9
2
34
9
13
0
14
4
0
1
0
0
29
12
2
20
2
0
1
3
5
0
15
10
4
6
4
7
1
1
5
20
1
2
2
1
30
3
10
0
21
1
27
1
16
1
8
0
3
1
2
30
0
0
0
2
8
5
1
7
1
0
2
5
23
0
9
1
2
14
4
3
5
3
3
1
6
0
9
2
2
2
0
1
1
0
3
3
2
10
21
8
2
5
1
3
2
5
21
2
2
13
2
3
1
0
1
2
8
3
11
2
5
18
4
2
8
2
4
10
15
12
12
9
3
3
3
2
1
9
5
6
3
4
13
1
7
1
6
8
6
0
0
0
2
14
0
2
0
7
1
1
2
10
5
10
14
1
2
2
3
0
4
8
13
13
10
6
0
1
8
0
1
1
1
7
14
1
3
4
3
3
11
6
1
4
2
6
3
5
6
2
0
3
8
2
7
0
0
5
1
6
2
1
1
1
1
1
1
4
1
0
0
2
2
0
1
2
0