3
3
3
5
0
8
6
0
3
0
3
7
0
3
0
0
3
0
0
3
0
0
3
0
0
0
0
0
0
0
3
6
0
0
9
15
6
0
3
0
0
0
0
0
0
0
3
6
18
6
19
0
9
0
4
0
42
0
0
14
3
0
0
0
0
0
0
0
0
0
0
0
9
3
3
0
3
2
0
0
0
0
0
0
3
0
0
0
0
12
0
6
0
3
9
41
0
0
0
3
3
0
6
0
0
0
0
0
12
3
0
0
32
6
3
3
0
16
3
6
0
6
0
3
0
0
3
3
3
19
15
4
0
0
0
0
3
9
0
0
0
0
6
0
23
0
0
8
0
6
27
36
3
3
0
6
0
0
0
0
3
6
0
3
13
0
0
6
3
0
30
6
12
12
6
9
0
0
6
9
9
10
3
0
0
6
21
0
0
0
0
3
6
3
12
0
15
0
3
0
4
0
63
0
0
18
0
26
3
3
0
13
0
0
12
7
26
22
3
0
16
18
59
17
8
19
3
9
7
65
3
11
0
33
4
4
0
14
14
9
4
4
0
0
0
4
0
0
0
4
12
0
0
0
0
4
4
0
0
0
0
0
0
12
0
0
0
4
4
0
4
50
0
3
4
12
0
4
36
34
12
0
4
24
8
20
4
0
32
0
0
0
12
0
80
3
0
16
15
0
20
4
0
0
0
6
0
12
4
3
0
12
4
0
0
32
0
12
22
66
0
8
0
4
8
36
268
0
0
0
7
8
27
0
36
0
0
4
0
8
3
12
5
2
0
12
4
0
0
0
0
4
4
0
0
8
4
8
0
14
0
6
8
0
24
25
0
4
0
24
8
4
0
0
4
12
0
0
11
0
0
4
0
4
5
0
0
4
8
0
4
12
16
24
9
4
0
0
8
0
42
8
0
8
0
221
8
0
14
0
0
15
4
0
9
16
8
0
0
16
14
58
4
8
24
0
12
0
4
0
0
0
14
10
0
0
10
0
0
0
0
6
0
0
0
0
0
0
0
5
0
0
20
0
0
8
5
50
0
0
0
30
0
3
0
0
20
0
15
0
0
5
5
5
10
20
30
60
0
5
5
0
28
5
670
65
32
5
30
0
5
5
0
0
20
80
0
20
0
0
0
5
5
0
80
15
10
40
45
15
5
0
0
25
5
0
5
0
330
0
5
0
29
0
80
0
65
15
0
0
0
0
0
15
0
0
0
0
0
0
0
0
0
5
10
39
15
0
5
0
0
25
0
10
50
0
0
0
0
0
55
0
4
0
0
9
10
0
0
0
0
5
5
5
0
0
0
0
2
20
35
0
10
45
5
0
0
0
0
0
5
0
20
0
0
70
10
0
103
0
0
0
0
5
5
21
0
0
0
0
0
70
10
44
5
5
25
0
10
0
5
10
0
0
5
0
5
10
0
0
0
5
0
0
0
0
14
45
0
5
0
0
5
0
5
20
10
10
20
123
7
0
25
5
0
0
0
5
10
0
0
5
10
0
5
0
5
0
29
5
10
5
25
0
0
0
0
0
43
5
0
0
0
0
0
0
5
0
2
5
0
10
5
0
0
0
0
5
5
0
0