0
0
0
0
0
0
0
0
0
0
0
0
0
0
0
0
0
0
0
0
0
0
0
0
0
0
0
0
0
0
0
0
0
0
0
0
0
0
0
0
0
0
0
0
0
0
0
0
0
0
0
0
0
0
0
0
0
0
0
0
0
0
0
0
0
0
0
0
0
0
0
0
0
0
0
0
0
0
0
0
0
0
0
0
0
0
0
0
0
0
0
0
0
0
0
0
0
0
0
0
0
0
0
0
0
0
0
0
0
0
0
0
0
0
0
0
0
0
0
0
0
0
0
0
0
0
0
0
0
0
0
0
0
0
0
0
0
0
0
0
0
0
0
0
0
0
0
0
0
0
0
0
0
0
0
0
0
0
0
0
0
0
0
0
0
0
0
0
0
0
0
0
0
0
0
0
0
0
0
0
0
0
0
0
0
0
0
0
0
0
0
0
0
0
0
0
0
0
0
0
0
0
0
0
0
0
0
0
0
0
0
0
0
0
0
0
0
0
0
0
0
0
0
0
0
0
0
0
0
0
0
0
0
0
0
0
0
0
0
0
0
0
0
0
0
0
0
0
0
0
0
0
0
0
0
0
0
0
0
0
0
0
0
0
0
0
0
0
0
0
0
0
0
0
0
0
0
0
0
0
0
0
0
4
2
3
2
4
7
2
2
0
6
0
15
1
2
11
1
0
8
2
0
7
0
4
0
9
5
1
2
4
4
4
1
9
4
7
2
9
3
8
1
1
1
8
10
0
0
1
6
10
7
3
9
0
7
8
3
3
0
12
1
0
0
5
2
2
1
0
3
1
2
0
0
4
0
1
0
0
4
4
1
4
2
16
0
2
2
5
9
9
0
0
3
4
2
1
2
1
1
0
0
13
8
3
2
2
5
2
4
3
4
2
2
2
0
0
1
1
7
3
1
2
0
15
2
1
3
2
1
19
4
1
9
4
1
2
3
2
1
4
1
2
2
1
1
2
1
1
1
1
15
18
1
0
11
0
0
0
0
0
0
0
1
1
0
1
1
4
1
0
17
0
0
0
0
8
0
0
0
2
0
0
4
1
4
1
27
1
1
1
8
15
8
25
26
9
13
1
24
3
8
2
37
10
17
2
20
6
2
1
1
1
24
11
2
26
1
1
2
6
10
1
14
14
8
11
7
10
0
1
8
22
4
4
8
1
26
7
10
2
18
1
25
4
16
5
10
1
7
0
2
22
3
1
1
0
5
6
0
6
0
2
3
3
18
1
8
2
1
14
2
2
3
2
3
0
8
2
10
3
7
2
2
3
2
1
3
3
2
9
19
4
0
5
5
3
5
4
20
3
5
11
2
2
2
1
1
2
7
1
17
1
10
12
4
1
8
1
6
4
11
13
3
8
1
0
5
1
3
13
3
9
5
2
15
1
7
0
5
7
10
2
1
2
5
11
2
4
1
3
2
2
1
3
2
7
14
1
1
2
2
1
5
4
14
12
9
12
1
4
13
3
2
1
0
3
15
0
1
2
8
1
9
3
2
4
4
13
4
4
7
1
2
5
11
0
6
1
1
9
1
11
4
0
4
2
2
1
1
5
1
2
3
2
3
2
0
1
2