1
1
1
1
1
1
1
1
1
1
1
1
1
1
1
0
0
0
0
0
0
0
0
0
0
0
0
0
0
0
0
0
0
0
0
0
0
0
0
0
0
0
0
0
0
0
0
0
0
0
0
1
0
0
0
0
0
0
0
0
0
0
0
0
1
0
0
0
0
0
0
6
1
0
1
0
2
0
1
1
0
2
1
0
2
0
0
0
0
0
0
0
2
0
1
1
0
3
3
1
1
1
2
1
2
3
0
3
1
1
2
1
1
1
0
1
1
1
1
1
1
7
2
1
1
1
0
0
1
1
1
1
7
0
1
0
1
0
0
0
0
0
0
0
0
0
0
1
0
6
1
7
5
8
0
0
0
6
0
1
0
5
2
1
1
1
3
1
0
8
7
4
1
2
7
11
8
1
2
1
2
0
6
0
4
5
3
1
2
3
1
2
7
4
2
3
0
0
0
0
4
0
3
1
1
0
0
0
0
0
9
0
0
0
0
0
0
0
0
1
0
7
0
7
4
3
8
2
8
9
1
0
0
1
0
0
0
5
0
5
2
8
2
1
1
10
0
1
1
1
1
3
1
2
0
0
3
1
0
0
10
1
3
2
4
1
3
4
2
5
2
1
1
4
1
4
3
6
1
1
0
1
4
2
4
4
3
1
1
2
1
1
1
0
1
0
1
0
1
1
0
1
1
0
0
0
0
0
0
0
0
0
0
0
0
0
0
0
0
0
0
0
6
4
0
0
0
1
0
0
3
0
1
4
0
4
8
0
2
0
0
0
0
9
0
3
6
1
0
6
3
8
0
1
3
4
3
0
2
5
6
0
0
3
1
5
1
2
2
2
0
0
0
0
0
0
0
5
0
0
1
5
2
0
1
3
3
2
3
1
3
4
9
2
1
0
0
2
3
0
1
1
1
1
1
2
0
0
1
9
1
5
1
0
0
0
0
2
0
0
0
2
0
1
1
0
0
0
11
5
1
2
1
1
0
0
0
1
1
2
1
1
0
0
1
1
7
0
9
1
0
0
13
0
9
2
2
3
2
1
1
8
2
1
2
7
1
0
5
0
3
0
0
0
6
0
0
0
8
1
1
6
8
1
10
1
1
1
3
5
1
0
0
0
3
2
0
0
3
1
2
0
4
0
2
0
1
0
0
0
1
1
4
4
1
2
1
11
1
3
0
0
0
0
0
12
1
2
1
0
0
1
1
2
1
2
10
3
1
9
2
0
2
1
2
2
4
1
3
0
1
0
1
1
1
1
1
1
9
16
1
2
8
0
20
0
6
0
8
0
15
9
5
9
2
5
3
5
5
2
9
5
1
6
7
0
8
6
2
2
1
3
1
9
15
9
1
14
1
2
3
1
6
1
0
1
9
4
4
5
12
2
1
19
10
11
10
2
7
2
1
8
32
2
3
2
14
1
1
14
1
2
0
5
2
0
0
11
14
8
0
20
2
16
20
6
1
0
0
1
3
4
2
3
3
8
10
6
7
4
2
11
0
10
12
2
2
1
0
15
4
1
2
9
0
10
2
6
10
20
17
3
17
11
3
1
4
12
2
2
1
1
10
18
1
3
0
1
18
0
1
7
0
0
7
5
6
4
7
25
1
5
0
10
16
0
44
0
23
14
5
2
1
16
9
2
16
31
0
3
2
5
7
15
2
16
4
0
1
2
19
12
3
21
9
6
9
1
26
17
0
10
2
4
2
4
4
2
28
5
13
1
3
44
17
31
5
11
16
10
2
3
14
44
17
0
24
2
10
39
0
9
26
0
28
17
9
10
7
1
0
23
3
30
10
38
11
1
28
44
3
1
1
5
3
14
1
3
4
1
1
18
6
34
3
1
0
11
24
17
12
9
14
29
9
6
1
14
17
20
22
21
0
1
30
18
1
10
5
19
4
1
28
16
23
9
8
10
1
12
7
1
1
6
3
1
1
7
19
0
7
1
7
3
5
1
15
8
8
3
11
9
11
3
9
1
9
1
6
1
2
0
5
2
2
2
1
2