0
0
3
0
0
3
0
0
0
0
0
17
0
0
0
0
0
0
0
0
0
0
0
0
0
0
0
0
0
0
0
0
0
3
0
0
0
0
0
0
0
0
0
3
0
0
0
0
0
0
0
6
0
3
0
0
0
0
0
0
0
0
0
0
0
0
0
0
0
0
0
3
0
0
0
0
0
0
0
0
0
15
9
0
3
0
0
0
0
7
0
0
3
0
0
0
0
3
6
0
0
0
0
0
0
4
0
0
9
3
0
0
0
0
0
0
0
0
3
0
0
9
0
3
0
9
2
0
9
0
3
0
14
0
4
4
0
0
0
0
0
0
0
0
0
0
0
3
0
6
0
0
6
60
3
0
0
30
0
9
0
0
3
20
6
9
0
3
0
36
18
3
0
5
53
48
0
15
0
3
0
0
0
3
5
6
6
0
0
2
0
0
29
12
0
15
0
3
0
0
12
0
3
0
0
0
0
0
0
0
43
0
0
0
0
3
0
0
0
0
0
0
0
12
3
3
0
0
6
43
0
0
0
0
0
0
0
0
0
12
0
6
0
0
0
9
0
3
0
9
3
0
6
9
0
0
0
0
0
2
3
3
0
0
0
0
6
3
3
15
0
0
0
9
0
0
18
3
0
0
0
12
9
0
12
0
3
0
3
0
0
0
2
0
2
6
0
0
27
3
0
0
6
0
0
0
0
3
0
3
0
20
0
0
0
0
0
0
0
0
0
0
24
0
0
0
6
0
0
2
3
3
2
18
0
0
33
0
3
0
0
0
0
6
3
3
0
3
0
3
0
9
0
0
14
0
3
0
4
10
15
0
0
6
3
15
0
6
0
0
6
0
0
0
0
0
0
3
0
0
8
25
21
0
0
3
27
3
0
0
6
12
6
6
0
0
0
3
3
3
0
0
0
0
0
0
0
0
0
3
0
6
0
0
0
0
0
11
21
0
0
9
0
0
0
0
0
0
0
46
3
0
0
0
0
0
0
0
0
0
0
3
0
0
0
0
29
0
0
0
0
0
3
0
9
12
25
6
6
0
3
0
3
0
6
0
0
0
12
0
0
0
8
0
3
14
0
0
37
3
3
0
6
0
6
3
6
3
31
0
0
0
0
0
0
6
5
0
9
0
0
0
0
0
0
0
15
0
0
0
6
23
21
72
0
0
0
14
0
0
0
3
0
0
0
8
0
0
11
4
0
3
0
0
3
10
4
4
4
7
31
0
0
6
0
27
8
4
0
0
0
0
0
0
4
0
0
0
0
8
0
8
0
4
8
0
11
0
0
0
260
0
16
16
14
0
4
8
31
8
4
12
0
36
20
0
0
16
0
0
0
8
0
0
40
0
0
56
3
0
11
0
4
0
4
0
0
20
0
4
32
8
0
24
4
78
86
0
48
4
0
12
315
0
8
0
12
0
0
16
0
0
4
8
0
0
0
20
16
0
0
911
8
0
37
60
4
4
4
8
117
20
0
4
0
4
4
43
52
5
4
0
0
45
20
4
8
0
0
40
8
0
12
36
0
5
4
12
17
140
34
0
102
5
0
5
41
9
4
0
0
8
51
173
8
114
0
0
65
0
10
15
0
5
10
0
50
5
15
878
5
5
0
20
55
0
99
20
244
20
15
0
5
30
5
5
120
135
0
0
0
5
0
0
10
5
0
0
0
0
50
182
10
70
35
0
10
23
200
10
25
40
10
10
0
0
35
0
489
0
20
0
11
45
0
20
5
0
10
5
5
5
65
40
163
0
0
0
10
684
0
30
150
0
5
0
5
40
10
0
0
30
15
70
0
25
45
0
150
150
5
0
0
10
5
10
0
5
0
19
0
5
5
15
0
22
5
55
30
200
5
20
5
20
30
20
0
5
20
126
0
223
0
0
40
113
0
20
5
0
0
0
0
10
5
10
25
15
0
20
0
0
0
0
55
0
0
15
35
0
0
0
0
30
0
0
85
124
5
0
15
0
20
0
6
10
156
5
0
0
0
0
10
0
0
0
0
0