0
0
1
0
0
1
0
0
0
0
0
3
0
0
0
0
0
0
0
0
0
0
0
0
0
0
0
0
0
0
0
0
0
1
0
0
0
0
0
0
0
0
0
0
0
0
0
0
0
0
0
0
0
1
0
0
0
0
0
0
0
0
0
0
0
0
0
0
0
0
0
1
0
0
0
0
0
0
0
0
0
2
3
0
1
0
0
0
0
1
0
0
1
0
0
0
0
0
2
0
0
0
0
0
0
0
0
0
3
1
0
0
0
0
0
0
0
0
1
0
0
3
0
1
0
3
0
0
3
0
1
0
4
0
0
0
0
0
0
0
0
0
0
0
0
0
0
1
0
2
0
0
2
1
1
0
0
10
0
3
0
0
0
2
2
3
0
1
0
1
6
1
0
0
5
16
0
2
0
1
0
0
0
1
1
2
2
0
0
0
0
0
7
4
0
5
0
1
0
0
4
0
0
0
0
0
0
0
0
0
0
0
0
0
0
1
0
0
0
0
0
0
0
4
1
1
0
0
2
9
0
0
0
0
0
0
0
0
0
4
0
2
0
0
0
3
0
1
0
3
1
0
1
3
0
0
0
0
0
0
1
1
0
0
0
0
2
1
1
5
0
0
0
3
0
0
4
1
0
0
0
0
3
0
4
0
1
0
0
0
0
0
0
0
0
2
0
0
0
1
0
0
2
0
0
0
0
1
0
1
0
2
0
0
0
0
0
0
0
0
0
0
2
0
0
0
2
0
0
0
1
1
0
0
0
0
11
0
1
0
0
0
0
2
1
1
0
1
0
1
0
3
0
0
2
0
1
0
0
0
5
0
0
2
1
2
0
2
0
0
0
0
0
0
0
0
0
1
0
0
0
6
1
0
0
1
1
1
0
0
2
4
2
0
0
0
0
1
1
0
0
0
0
0
0
0
0
0
0
1
0
2
0
0
0
0
0
0
1
0
0
3
0
0
0
0
0
0
0
3
1
0
0
0
0
0
0
0
0
0
0
1
0
0
0
0
2
0
0
0
0
0
1
0
3
4
0
2
2
0
1
0
1
0
2
0
0
0
4
0
0
0
0
0
1
0
0
0
0
1
1
0
2
0
2
1
0
1
0
0
0
0
0
0
0
2
0
0
2
0
0
0
0
0
0
0
4
0
0
0
2
1
6
1
0
0
0
4
0
0
0
1
0
0
0
2
0
0
1
1
0
1
0
0
1
1
1
1
1
1
2
0
0
1
0
0
2
1
0
0
0
0
0
0
1
0
0
0
0
2
0
2
0
1
2
0
2
0
0
0
2
0
4
4
0
0
1
2
1
2
1
0
0
9
5
0
0
4
0
0
0
2
0
0
10
0
0
14
0
0
0
0
1
0
1
0
0
5
0
1
5
2
0
6
1
6
4
0
12
1
0
3
64
0
2
0
3
0
0
4
0
0
1
2
0
0
0
5
4
0
0
17
2
0
9
15
1
1
1
2
2
5
0
1
0
1
1
5
4
1
1
0
0
11
4
1
2
0
0
9
2
0
3
9
0
1
1
3
4
30
8
0
21
1
0
1
9
2
1
0
0
2
11
2
2
5
0
0
13
0
1
3
0
1
2
0
10
1
3
29
1
1
0
4
11
0
18
0
30
4
3
0
1
6
1
1
24
25
0
0
0
1
0
0
2
1
0
0
0
0
10
4
2
14
7
0
2
2
40
2
0
8
2
2
0
0
7
0
29
0
4
0
1
9
0
4
1
0
2
1
1
1
13
8
14
0
0
0
2
29
0
6
30
0
1
0
1
8
2
0
0
6
3
14
0
5
9
0
30
30
1
0
0
2
1
2
0
1
0
3
0
1
1
3
0
2
1
11
6
8
1
4
1
4
6
4
0
1
4
7
0
14
0
0
8
11
0
4
1
0
0
0
0
2
1
2
5
3
0
4
0
0
0
0
1
0
0
3
7
0
0
0
0
6
0
0
17
1
1
0
3
0
4
0
0
2
4
1
0
0
0
0
2
0
0
0
0
0