0
0
0
0
0
0
0
0
0
0
0
0
0
0
0
0
0
0
0
0
0
0
0
0
0
0
0
0
0
0
0
0
0
0
0
0
0
0
0
0
0
0
0
0
0
0
0
0
0
0
0
1
0
0
0
0
0
0
0
0
0
0
0
0
0
0
0
0
0
0
0
0
0
0
0
0
0
0
0
0
0
0
0
0
0
0
0
0
0
0
0
0
0
0
0
0
0
0
0
0
0
0
0
0
0
0
0
0
0
0
0
0
0
0
0
0
0
0
0
0
0
0
0
0
0
0
0
0
0
0
0
0
0
0
0
0
0
0
0
0
0
0
0
0
0
0
0
0
0
0
0
0
0
0
0
0
0
0
0
0
0
0
0
0
0
0
0
0
0
0
0
0
0
0
0
0
0
0
0
0
0
0
0
0
0
0
0
0
0
0
0
0
0
0
0
0
0
0
0
0
0
0
1
0
0
0
0
0
0
0
0
0
0
0
0
0
0
0
0
0
0
0
0
0
0
0
0
0
0
0
0
0
0
0
0
0
0
0
0
0
0
0
0
0
0
0
0
0
0
0
0
0
0
0
0
0
0
0
0
0
0
0
0
0
0
0
0
0
0
0
0
0
0
0
0
0
0
0
0
0
0
0
0
0
0
0
0
0
0
0
0
0
0
0
0
0
0
0
0
0
0
0
0
0
0
0
0
0
0
0
0
0
0
0
0
0
0
0
0
0
0
0
0
0
0
0
0
0
0
0
0
0
0
0
0
0
0
0
0
0
0
0
0
0
0
0
0
0
0
0
0
0
0
0
0
0
0
0
0
0
0
0
0
0
0
0
0
0
0
0
0
0
0
0
0
0
0
0
0
0
0
0
0
0
0
0
0
0
0
0
0
0
0
0
0
0
0
0
0
0
0
0
0
0
0
0
0
0
0
0
0
0
0
0
0
0
0
0
0
0
0
0
0
0
0
0
0
0
0
0
0
0
0
0
0
0
0
0
0
0
0
0
0
0
0
0
0
0
0
0
0
0
0
0
0
0
0
0
0
0
0
0
0
0
0
0
0
0
0
0
0
0
0
0
0
0
0
0
0
0
0
0
0
0
0
0
0
0
0
0
0
0
0
0
0
0
0
0
0
0
0
0
0
0
0
0
0
0
0
0
0
0
0
0
0
0
0
0
0
0
0
0
0
0
0
0
0
0
0
0
0
0
0
0
0
0
0
0
0
0
0
0
0
0
0
0
0
0
0
0
0
0
0
0
0
0
0
0
0
0
0
0
0
0
0
0
0
0
0
0
0
0
0
0
0
0
0
0
0
0
0
0
0
0
0
0
0
0
0
0
0
0
2
9
24
7
0
20
2
4
3
0
7
0
2
2
7
8
6
10
12
4
1
37
17
13
14
3
18
0
3
8
67
1
2
1
22
0
1
24
0
2
2
8
1
1
6
21
24
14
1
51
8
25
42
16
3
3
2
2
10
11
5
7
5
10
14
6
6
6
2
16
1
6
12
3
1
2
1
31
3
0
3
9
1
28
1
3
31
59
50
4
58
29
5
3
11
39
1
5
3
16
30
66
8
20
2
4
60
2
2
17
1
1
12
4
15
4
19
55
1
8
1
10
50
1
93
2
61
34
10
0
4
37
27
4
30
68
1
4
4
10
24
35
5
46
3
1
0
1
40
25
13
51
25
15
22
1
50
32
2
15
12
16
10
9
8
8
52
17
31
1
4
65
29
46
6
16
25
23
2
3
23
70
27
4
38
3
15
51
1
11
40
2
40
28
10
15
16
3
3
33
12
43
12
53
13
3
33
57
0
0
0
8
2
34
1
3
3
7
4
32
11
36
3
8
2
23
33
34
25
12
19
41
9
9
3
9
28
32
28
22
2
8
27
29
3
14
9
17
7
2
33
22
26
14
14
19
0
14
10
0
5
11
6
0
0
7
21
2
7
2
6
11
3
2
13
8
7
0
9
10
9
2
9
1
8
1
4
2
1
2
2
0
0
1
1
0