1
1
1
0
0
0
0
1
1
1
1
1
0
1
1
1
1
0
0
0
0
0
0
0
0
0
0
0
0
0
0
0
0
0
0
0
0
0
0
0
0
1
1
1
1
1
1
1
1
1
1
1
1
1
1
0
0
0
0
0
0
0
0
0
0
0
0
0
0
0
0
0
0
0
0
0
0
0
0
0
0
0
0
0
0
0
0
0
0
0
0
0
0
0
0
0
0
0
0
0
0
0
0
0
0
0
0
0
0
0
0
0
0
0
0
0
0
0
0
0
0
0
0
0
0
0
0
0
0
0
0
0
0
0
0
0
0
0
0
0
0
8
4
3
3
3
6
9
4
4
15
3
3
3
2
3
1
1
1
1
1
4
4
1
1
4
1
2
9
1
4
3
1
2
8
7
0
1
5
6
0
5
2
14
6
12
0
0
0
3
1
1
0
1
1
3
1
1
3
10
1
1
0
0
0
1
1
11
1
3
25
1
1
1
1
3
2
9
3
1
10
1
0
1
0
1
8
0
2
4
0
2
2
0
4
15
6
4
1
1
8
2
0
0
0
0
0
0
0
0
9
0
1
0
2
0
0
0
8
0
1
0
4
10
33
10
3
2
5
13
4
17
7
0
9
2
5
5
8
1
6
5
5
0
3
3
3
2
12
7
2
7
3
10
7
3
3
4
12
6
1
5
1
4
7
14
12
2
1
9
14
0
0
4
7
19
22
2
11
5
5
1
8
1
1
4
30
17
4
1
6
7
1
21
17
11
0
5
0
0
2
1
2
2
2
2
7
2
2
2
24
2
3
2
2
1
13
4
3
0
7
10
14
6
4
7
1
2
6
16
11
1
1
4
5
1
3
2
12
0
2
7
2
22
4
5
1
4
4
1
1
8
4
27
1
14
3
19
1
2
6
3
0
2
3
2
5
4
3
1
7
12
1
0
2
20
1
3
0
3
5
0
17
4
16
10
0
0
15
17
3
0
5
3
1
1
1
2
1
1
2
5
8
0
0
3
1
1
2
1
1
0
17
5
1
3
2
1
5
0
0
1
6
15
2
1
1
1
10
6
2
8
1
6
5
0
1
11
0
1
0
0
0
5
12
12
4
1
6
8
8
1
1
1
5
4
1
0
6
1
3
0
0
3
2
1
1
6
0
1
5
5
2
4
2
2
2
1
1
1
1
1
1
1
1
1
1
1
2
1
1
0
1
1
0