0
0
0
0
0
0
0
0
0
0
6
0
0
0
3
0
0
0
0
0
0
0
0
5
0
0
0
0
3
0
0
0
0
0
0
0
0
0
0
0
0
0
0
0
0
0
0
0
0
0
0
0
0
0
0
0
0
3
0
0
0
0
5
9
0
0
0
0
0
0
0
0
3
0
0
0
0
0
0
0
0
0
0
0
0
0
0
0
0
0
0
0
0
0
0
0
0
0
0
0
3
0
3
3
0
0
0
0
0
0
0
0
0
0
0
0
0
0
0
0
0
0
0
0
0
0
0
0
0
0
0
0
0
0
0
0
0
0
0
0
0
0
0
0
0
0
0
4
0
0
42
0
5
4
0
0
0
0
4
0
0
0
0
0
0
0
0
0
4
0
4
0
0
3
4
0
0
0
4
2
0
0
0
83
0
8
0
0
0
0
0
0
0
0
0
0
4
4
0
8
0
0
0
0
0
6
0
56
0
0
71
0
0
0
0
11
4
4
4
0
4
0
0
0
0
0
0
0
14
12
0
0
4
0
0
14
4
0
8
2
36
0
0
4
0
0
0
0
0
0
16
0
12
0
24
0
0
0
10
0
0
0
15
64
140
30
0
25
0
100
0
25
25
0
10
5
137
0
5
0
0
5
5
0
28
0
5
15
50
0
0
13
10
0
5
13
15
0
35
0
10
0
0
10
75
36
172
10
10
145
5
0
0
0
5
10
25
0
0
5
0
0
5
10
0
0
85
99
0
21
5
0
10
75
5
45
0
0
0
2
0
0
0
0
0
6
0
0
0
0
20
0
0
0
0
0
0
5
0
0
5
5
25
0
0
5
0
0
5
85
10
0
5
8
0
0
0
25
35
0
0
5
0
55
5
119
0
10
10
0
0
36
0
20
0
10
0
5
0
2
5
0
0
0
0
0
25
15
0
0
0
15
0
0
15
10
0
20
2
0
62
0
0
0
10
106
0
0
20
20
0
0
5
25
0
0
0
0
0
2
5
5
22
0
0
5
0
0
0
0
0
5
5
20
40
0
37
35
5
0
0
5
0
0
0
0
0
0
10
15
0
72
0
15
5
0
0
28
0
0
0
0
0
3
0
151
78
0
10
0
10
0
0
0
0
5
0
0
10
0
0
0
5
0
0
0
20
5
0
0
10
10
0
10
0
0
0
0
0
4
0
0
0
0
0
0
0
0
13
5
0
0
0
0
0