0
0
0
0
0
0
0
0
0
0
0
0
0
0
1
0
0
0
0
0
0
0
0
0
0
0
0
0
1
0
0
0
0
0
0
0
0
0
0
0
0
0
0
0
0
0
0
0
0
0
0
0
0
0
0
0
0
1
0
0
0
0
0
2
0
0
0
0
0
0
0
0
1
0
0
0
0
0
0
0
0
0
0
0
0
0
0
0
0
0
0
0
0
0
0
0
0
0
0
0
0
0
0
1
0
0
0
0
0
0
0
0
0
0
0
0
0
0
0
0
0
0
0
0
0
0
0
0
0
0
0
0
0
0
0
0
0
0
0
0
0
0
0
0
0
0
0
1
0
0
2
0
0
1
0
0
0
0
1
0
0
0
0
0
0
0
0
0
1
0
1
0
0
0
1
0
0
0
1
0
0
0
0
3
0
2
0
0
0
0
0
0
0
0
0
0
1
1
0
2
0
0
0
0
0
0
0
13
0
0
12
0
0
0
0
2
1
1
1
0
1
0
0
0
0
0
0
0
2
3
0
0
1
0
0
3
1
0
2
0
5
0
0
1
0
0
0
0
0
0
4
0
3
0
6
0
0
0
2
0
0
0
3
4
29
6
0
0
0
21
0
5
5
0
2
1
2
0
1
0
0
1
1
0
2
0
1
3
10
0
0
2
2
0
1
2
3
0
7
0
0
0
0
2
15
8
3
2
2
2
1
0
0
0
1
2
5
0
0
1
0
0
1
2
0
0
17
4
0
1
1
0
2
15
1
9
0
0
0
0
0
0
0
0
0
0
0
0
0
0
4
0
0
0
0
0
0
1
0
0
1
1
5
0
0
1
0
0
1
17
2
0
1
0
0
0
0
5
7
0
0
1
0
11
1
0
0
2
2
0
0
0
0
4
0
2
0
1
0
0
1
0
0
0
0
0
5
3
0
0
0
3
0
0
3
2
0
4
0
0
0
0
0
0
2
5
0
0
4
4
0
0
1
5
0
0
0
0
0
0
1
1
4
0
0
1
0
0
0
0
0
1
1
4
0
0
1
7
1
0
0
1
0
0
0
0
0
0
2
3
0
4
0
3
1
0
0
5
0
0
0
0
0
0
0
2
1
0
2
0
2
0
0
0
0
1
0
0
2
0
0
0
1
0
0
0
4
1
0
0
2
2
0
2
0
0
0
0
0
0
0
0
0
0
0
0
0
0
0
1
0
0
0
0
0