0
0
0
0
0
0
0
0
0
0
0
0
0
0
0
0
0
0
0
0
0
0
0
0
0
0
0
0
0
0
0
0
0
0
0
0
0
0
0
0
0
0
0
0
0
0
0
0
0
0
0
0
0
0
0
0
0
0
0
0
0
0
0
0
0
0
0
0
0
0
0
0
0
0
0
0
0
0
0
0
0
0
0
0
0
0
0
0
0
0
0
0
0
0
0
0
0
0
0
0
0
0
0
0
0
0
0
0
0
0
0
0
0
0
0
0
0
0
0
0
0
0
0
0
0
0
0
0
0
0
0
0
0
0
0
0
0
0
0
0
0
5
0
0
0
0
2
4
0
1
10
0
0
0
0
3
0
0
0
0
1
1
2
0
0
2
0
0
8
0
4
0
0
2
4
5
0
0
6
7
2
2
2
21
3
10
2
1
2
2
0
1
1
1
1
0
0
2
1
18
1
0
1
1
1
0
0
43
0
0
35
0
0
0
0
3
1
5
7
3
4
2
2
1
1
6
7
1
14
9
1
4
0
0
6
18
7
1
1
0
12
2
2
4
2
1
3
1
1
1
18
3
6
5
7
2
1
1
12
4
4
2
6
12
31
17
6
5
6
44
6
15
27
1
8
7
7
11
9
0
4
3
5
1
6
2
6
2
12
6
0
5
1
7
13
1
1
2
17
11
1
4
0
9
12
27
15
4
4
10
15
1
1
4
7
24
18
1
12
1
2
0
13
0
1
6
33
16
4
10
7
8
5
19
14
11
2
8
3
3
1
0
0
0
1
0
6
0
0
0
18
0
1
0
0
0
14
7
4
3
8
11
10
8
6
3
1
2
4
14
13
0
1
1
4
1
2
3
12
1
2
6
0
19
7
7
1
6
7
0
0
17
6
22
1
9
1
22
1
3
10
2
1
7
7
3
11
5
5
3
5
11
1
1
2
13
1
9
1
3
5
1
13
4
14
8
1
2
8
11
1
1
5
6
0
0
0
1
0
0
3
9
8
1
1
3
1
0
3
1
1
4
13
4
5
3
2
5
3
1
1
1
10
15
0
0
0
3
8
10
2
10
1
5
5
2
1
10
1
1
1
1
1
2
9
10
3
1
9
11
6
1
0
0
8
8
3
2
6
3
2
1
2
3
5
2
1
6
1
1
5
4
2
2
3
0
0
1
0
0
0
0
0
0
0
0
0
1
1
1
0
1
1
1
1