1
1
1
3
1
1
1
1
5
1
1
1
1
1
1
3
1
3
3
1
1
1
0
2
2
3
3
2
2
2
4
2
5
3
1
2
2
1
2
2
1
1
1
1
2
2
2
2
1
2
1
1
1
0
0
0
0
0
1
0
0
0
0
1
1
1
1
1
1
1
1
1
1
1
1
1
1
0
0
0
0
0
0
0
0
0
0
0
0
0
0
0
0
0
1
1
1
3
4
3
3
1
2
1
5
1
1
2
2
1
2
2
2
2
2
2
1
1
0
3
4
0
1
0
0
0
0
0
3
4
0
1
0
0
4
0
1
0
0
0
3
2
6
1
0
3
2
3
1
0
5
2
1
2
1
4
3
0
0
0
3
1
2
2
3
1
6
1
7
1
0
2
2
0
1
1
1
1
1
1
0
0
3
0
0
0
0
1
3
2
0
4
0
1
1
0
1
0
0
2
3
3
6
1
1
10
2
13
1
0
2
0
1
0
3
0
1
0
5
7
0
4
2
5
2
2
3
1
0
3
0
10
3
2
1
7
1
2
5
4
2
8
5
1
1
1
1
1
1
9
2
3
4
1
10
7
2
2
2
3
3
1
23
2
0
11
3
1
1
2
4
0
0
2
1
1
1
5
4
3
3
0
1
1
11
4
7
6
1
1
5
23
6
5
1
13
9
2
6
3
4
1
1
1
12
4
6
6
1
6
1
0
0
0
20
4
4
1
1
0
2
10
1
5
26
2
1
11
1
33
1
3
1
1
2
2
3
1
1
1
11
1
2
1
2
11
1
2
2
4
3
9
1
3
13
1
0
4
13
1
8
2
5
1
4
8
3
1
2
0
0
14
3
1
2
4
4
11
5
5
3
4
10
2
0
4
0
2
2
10
2
2
2
21
5
1
0
5
4
1
1
1
5
13
4
13
13
2
12
6
14
4
9
1
1
3
1
10
3
12
3
5
1
8
25
1
19
1
2
8
27
24
9
11
5
4
3
4
9
5
22
1
5
4
31
23
4
6
3
8
17
1
17
8
1
3
4
6
6
4
5
17
1
1
2
10
3
26
19
12
8
7
12
1
2
13
9
2
10
8
2
20
1
13
11
8
7
19
0
2
6
0
9
3
14
5
11
1
2
21
9
2
2
2
10
3
7
4
3
4
16
4
1
2
1
3
1
4
1
1
11
3
1
1
8
25
2
1
2
7
3
0
6
19
0
0
8
19
0
15
1
0
5
2
1
2
4
2
6
1
1
1
0
5
2
10
1
1
2
3
5
1
10
8
11
4
5
3
2
3
1
1
0
3
0
8
0
10
3
2
2
2
2
3
9
11
2
7
12
2
3
1
1
0
0
0
2
0
0
0
0
0
9
1
10
2
4
1
0
7
8
0
9
1
6
3
10
9
11
2
3
7
6
7
4
4
3
1
2
1
2
1
1
5
3
1
0
1
2
1
0
1