0
0
0
13
0
0
0
0
12
0
3
0
0
0
0
3
0
3
0
0
0
0
0
0
0
0
3
0
0
3
0
0
6
0
0
0
6
0
11
0
0
0
0
0
0
3
0
0
8
3
0
0
0
0
2
0
0
0
0
0
0
0
3
0
0
0
0
0
0
0
0
0
3
3
0
0
0
0
0
0
0
0
3
0
0
0
0
0
0
0
3
4
3
0
0
0
0
7
0
3
0
0
3
0
3
0
0
5
0
0
0
0
0
3
2
0
6
3
0
0
6
0
3
0
0
0
0
3
10
10
0
0
0
0
16
0
6
0
0
0
3
0
10
0
0
6
3
23
0
0
29
0
0
0
0
14
12
0
0
2
4
0
4
0
4
0
47
0
24
0
0
4
16
0
0
4
12
16
0
8
0
0
0
0
0
0
0
0
0
5
0
4
4
6
0
0
0
0
0
8
13
0
4
0
0
31
0
20
4
0
0
7
0
0
0
0
0
0
12
4
4
0
0
0
0
4
14
0
0
9
0
4
3
0
0
40
0
0
0
0
0
4
0
0
0
0
0
0
0
16
0
8
0
0
4
0
0
0
4
0
4
0
18
4
0
0
0
0
0
0
4
0
0
0
0
0
0
0
0
0
0
0
0
0
8
0
4
0
0
0
12
9
4
0
8
0
21
5
0
0
0
0
4
0
9
0
4
0
4
10
0
0
0
4
15
0
0
0
0
0
0
25
0
12
50
0
0
14
0
130
0
0
0
0
0
0
2
0
0
0
24
0
0
0
6
0
5
0
0
0
8
38
3
0
25
0
0
0
15
0
15
0
0
0
5
0
5
0
5
0
0
10
5
4
5
10
0
190
5
0
0
0
5
0
0
5
15
5
5
10
0
0
0
15
15
10
0
30
0
0
0
0
0
10
5
15
118
0
50
114
5
5
25
0
0
5
0
10
0
33
0
5
0
0
15
0
13
0
5
5
322
40
30
41
3
0
0
5
5
0
15
0
20
0
25
12
32
0
10
5
15
0
25
20
0
5
20
0
10
0
25
0
0
0
15
10
0
35
5
0
0
0
15
0
5
40
35
0
15
0
0
15
0
5
5
39
5
30
10
0
35
0
20
0
25
0
15
0
0
147
5
0
0
0
10
0
10
5
0
0
30
0
0
0
0
5
0
0
0
0
0
10
0
0
10
23
0
25
22
15
0
0
10
70
0
10
5
10
0
10
5
0
0
0
0
0
0
0
10
0
0
0
6
5
0
5
0
0
0
0
0
0
20
17
5
0
0
5
0
0
0
0
0
0
0
5
5
250
0
0
0
0
0
5
20
2
0
0
30
0
0
0
5
5
0
5
0
0
12
0
0
0
40
0
15
0
5
0
0
20
5
0
0
0
9
0
15
60
10
0
0
0
15
0
5
0
10
0
5
2
0
0
0
29
0
0
5
0
0
0
0
0