0
0
0
0
0
0
0
0
0
0
0
0
0
0
0
0
0
0
0
0
0
0
0
0
0
0
0
0
0
0
0
0
0
0
0
0
0
0
0
0
0
0
0
0
0
0
0
0
0
0
0
0
0
0
0
0
0
0
0
0
0
0
0
0
0
0
0
0
0
0
0
0
0
0
0
0
0
0
0
0
0
0
0
0
0
0
0
0
0
0
0
0
0
0
0
0
0
0
0
0
0
0
0
0
0
0
0
0
0
0
0
0
0
0
0
0
0
0
0
0
0
0
0
0
0
0
0
0
0
0
0
0
0
0
0
0
0
0
0
0
0
0
0
0
0
0
0
0
0
0
0
0
0
0
0
0
0
0
0
0
0
0
0
0
0
0
0
0
0
0
0
0
0
0
0
0
0
0
0
0
0
0
0
0
0
0
0
0
0
0
0
0
0
0
0
0
0
0
0
3
1
1
4
0
0
4
0
4
2
1
4
2
3
1
1
1
2
1
3
5
1
1
1
1
1
1
2
0
1
1
1
3
2
0
0
2
0
2
1
3
0
1
1
0
0
0
0
0
1
2
2
2
1
1
4
0
0
0
0
1
1
0
11
2
1
2
0
0
1
2
2
1
1
2
0
0
0
1
1
1
1
1
0
0
1
0
1
2
0
0
0
12
1
0
0
4
2
0
2
1
0
0
0
0
7
1
0
2
0
2
0
0
0
0
13
1
2
0
0
1
0
3
0
3
15
1
1
0
0
14
0
6
0
0
0
0
2
0
0
0
4
0
0
0
1
4
0
2
1
0
1
6
1
1
11
2
1
2
5
0
5
0
3
0
2
6
1
0
2
1
1
8
2
0
1
3
4
9
1
4
1
2
5
2
1
4
4
3
3
9
0
1
1
6
7
2
1
13
1
0
0
0
3
2
2
10
12
4
10
7
7
3
4
5
2
3
2
9
1
8
0
1
0
4
7
0
9
0
0
4
13
14
6
5
3
1
0
3
4
4
9
0
4
4
11
12
1
0
2
3
7
0
7
5
0
3
4
1
3
0
3
11
0
1
3
6
3
10
3
3
1
1
9
0
1
9
4
0
2
6
1
12
2
13
6
6
4
14
4
2
4
2
6
1
14
1
1
0
0
8
6
0
0
0
3
0
2
0
1
0
8
0
0
0
0
0
0
4
0
0
5
3
0
1
13
16
4
3
4
5
1
1
2
14
1
1
4
12
2
9
3
1
1
0
0
0
0
0
8
0
0
0
1
4
2
6
0
0
3
0
3
2
7
3
8
1
0
1
2
1
0
0
1
1
3
5
1
11
0
0
0
0
1
0
2
3
0
3
7
0
1
0
1
1
1
1
3
1
1
1
1
1
9
2
10
1
4
1
1
6
10
1
3
0
5
5
10
7
7
1
0
5
4
6
1
2
1
1
1
1
1
0
0
2
0
0
2
0
2
2
1
1