0
0
0
1
0
0
1
0
2
1
0
0
0
0
0
1
1
4
2
1
2
1
1
2
1
1
0
0
0
1
0
0
0
1
0
0
1
0
1
1
2
1
1
1
1
1
5
10
0
0
0
0
1
6
1
3
3
0
0
1
0
0
4
1
0
1
2
0
2
1
2
1
1
1
2
1
1
1
1
3
4
3
1
7
1
1
1
1
0
1
0
1
0
0
0
16
2
2
0
2
5
0
0
3
6
0
3
3
1
1
2
7
2
1
5
5
4
0
5
1
3
2
0
5
1
2
1
1
0
1
4
0
0
0
1
0
0
1
1
2
1
0
1
1
2
2
2
19
7
5
2
5
1
1
3
1
11
2
2
2
1
6
12
17
18
1
2
1
8
3
4
4
25
4
1
1
21
1
12
27
18
11
4
12
15
5
1
2
1
21
0
11
0
7
1
10
4
5
5
3
0
9
1
3
10
4
13
15
0
0
0
0
3
15
6
1
6
2
10
18
1
1
6
5
3
12
12
7
14
1
3
6
5
3
1
4
6
2
1
7
4
3
5
1
2
1
1
1
7
5
2
11
1
5
2
1
1
3
1
1
1
4
1
2
1
0
5
0
3
0
0
2
6
1
3
6
3
1
1
3
3
3
3
0
3
6
0
0
0
0
3
2
0
8
0
0
1
3
6
1
4
7
2
9
3
3
6
5
2
2
2
2
1
0
1
4
0
0
2
0
4
0
5
3
3
1
2
1
1
1
3
7
3
3
3
2
3
3
2
3
0
6
1
1
0
1
2
1
1
0
0
0
0
0
0
0
1
5
0
0
0
1
0
1
0
0
1
1
0
1
1
0
4
1
3
1
1
1
0
1
0
0
1
1
1
0
0
3
2
1
1
0
2
1
0
0
1
0
2
2
3
2
1
0
0
14
2
2
2
1
2
4
5
1
9
1
10
0
1
5
5
1
0
1
0
0
1
0
3
9
0
9
1
0
9
0
2
5
4
8
7
0
2
0
0
7
3
0
5
5
2
14
2
1
8
2
8
4
2
3
1
8
1
1
1
8
0
0
0
0
0
2
0
0
0
0
2
2
0
8
3
5
8
0
2
3
2
2
2
3
1
4
4
0
1
12
1
4
4
2
2
2
3
2
2
0
0
2
6
0
1
1
2
2
2
2
0
0
2
0
2
5
2
2
2
4
2
1
1
0
0
9
6
3
28
10
0
21
15
3
4
5
10
5
1
3
5
9
2
1
1
14
2
1
0
2
5
1
10
1
0
1
0
16
18
2
13
15
10
9
17
8
1
4
0
21
2
18
2
11
2
1
1
0
11
10
0
7
11
12
2
3
1
3
4
22
5
1
19
3
3
1
1
5
5
2
6
2
3
13
1
3
2
0
0
3
6
5
9
2
2
4
2
1
6
1
14
1
1
2
1
4
15
1
1
1
2
6
4
5
0
0
2
5
0
2
1
2
2
12
1
0
0
4
3
2
2
3
1
3
0
16
1
0
12
0
1
7
2
1
0
2
1
0
5
0
2
0
6
9
12
21
1
1
1
1
0
3
5
0
0
8
16
15
4
3
2
2
3
14
0
31
16
16
0
1
1
3
0
17
40
2
20
6
4
2
0
1
0
1
1
0
0
1
15
0
4
31
42
23
5
10
1
1
2
2
1
9
1
2
9
6
7
17
5
3
3
24
23
22
1
14
0
5
22
0
0
2
3
9
14
21
17
27
1
3
5
17
2
5
13
2
3
2
3
12
1
4
7
1
9
8
0
9
2
2
14
3
4
2
8
9
2
3
1
1
8
5
16
6
9
11
19
5
6
9
9
1
9
2
1
10
1
8
2
2
1
2
1
1
4
8
7
2
20
1
13
23
2
11
33
2
7
1
5
44
13
16
1
11
1
1
25
8
5
1
0
21
4
6
6
1
27
16
2
4
8
1
3
22
0
1
0
1
10
8
2
10
9
54
1
3
15
3
5
5
2
8
4
3
6
1
1
0
0
4
2
2
29
43
17
21
1
24
1
1
8
8
8
3
0
19
9
2
7
1
7
6
1
1
23
13
19
0
1
0
16
13
27
4
12
3
1
51
0
2
20
1
1
10
4
10
4
11
10
5
10
11
0
31
10
26
6
56
14
51
2
3
3
20
8
3
0
0
0
1
11
0
0
1
1
20
3
30
63
3
1
1
8
12
2
5
7
0
1
1
46
5
0
22
6
23
0
23
24
0
0
17
15
2
0
15
36
42
15
1
29
7
6
21
3
2
2
24
20
65
16
23
1
19
10
6
34
19
1
6
25
48
0
11
32
49
0
0
2
0
7
1
37
27
7
3
38
0
0
0
16
7
0
25
9
1
6
1
15
50
19
40
4
0
4
2
1
2
6
5
35
2
7
31
10
2
14
0
25
23
0
5
1
28
24
7
2
4
5
7
2
25
16
4
6
21
7
3
11
13
5
12
17
4
2
5
6
1
12
0
5
5
4
1
1
1
1
2
1
1
1
1
3
1
6
0
1
6
1
1
1
0