0
0
0
0
0
0
0
0
0
0
0
0
0
0
0
0
0
0
0
0
0
4
0
0
0
0
0
0
0
0
0
0
0
0
0
0
0
0
0
0
1
0
0
0
0
0
1
12
0
0
0
0
0
0
0
0
0
0
0
0
0
0
0
0
0
0
0
0
0
0
0
0
0
0
0
0
0
0
0
1
4
0
0
2
0
0
0
1
0
0
0
0
0
0
0
60
0
0
0
0
3
0
0
0
10
0
0
2
0
0
0
0
1
0
3
0
0
0
0
0
0
4
0
3
7
0
0
0
0
0
0
0
3
0
0
0
0
0
0
3
0
0
0
0
0
0
0
19
9
0
0
3
3
0
6
0
3
0
3
16
0
0
8
18
60
0
0
3
11
0
0
0
39
6
0
0
36
0
9
6
8
0
11
0
45
3
0
0
0
3
0
50
0
0
0
0
6
0
3
0
0
3
3
0
40
18
60
3
0
0
0
0
0
51
3
0
0
0
6
6
0
3
0
0
9
25
18
0
88
0
12
0
3
3
0
0
6
0
0
16
7
7
0
0
0
0
6
0
19
0
0
6
3
17
6
0
0
0
6
0
0
3
2
0
0
0
0
0
0
0
0
0
6
3
0
0
0
0
0
3
3
0
0
3
6
14
0
0
0
0
0
0
0
6
0
0
19
6
15
0
0
47
0
0
0
6
7
3
12
0
0
0
0
0
3
6
0
3
0
0
6
0
0
0
15
0
3
0
0
0
3
6
13
3
3
3
6
0
4
7
0
15
3
0
0
0
9
0
0
0
0
0
4
0
0
0
0
15
0
0
3
3
0
4
0
0
7
0
0
0
0
0
14
0
12
0
3
0
0
0
3
3
3
0
0
3
0
6
0
0
0
0
0
0
0
3
9
0
3
0
0
0
0
0
2
16
3
7
4
0
0
15
6
0
12
3
0
0
0
13
0
0
0
0
0
0
0
0
0
6
0
29
0
0
18
0
3
6
6
6
0
0
6
0
0
20
0
7
0
3
3
15
0
0
0
0
3
17
3
0
0
45
0
0
0
26
0
0
0
0
0
9
0
0
0
0
0
6
0
6
0
0
6
0
0
3
0
0
0
0
0
0
0
3
0
0
0
0
0
0
0
0
7
3
0
0
0
0
3
0
5
6
9
0
0
0
0
0
0
0
0
0
0
3
3
0
0
0
0
0
0
6
3
0
57
12
0
8
24
3
0
9
3
0
0
0
24
3
0
0
0
0
0
0
0
2
3
0
0
3
0
0
0
22
3
6
0
6
62
10
0
0
0
0
3
12
6
3
0
6
0
0
0
0
55
15
0
3
3
3
0
13
0
25
0
12
0
3
3
0
3
0
3
3
26
3
3
6
3
3
0
0
3
0
0
3
0
0
8
0
0
9
0
0
0
3
9
0
0
0
3
3
36
0
0
0
0
18
0
0
0
0
6
0
0
0
0
0
14
6
0
0
0
0
0
0
9
0
0
0
0
0
0
0
6
0
3
15
0
3
0
3
0
0
12
0
3
0
3
3
27
3
0
3
0
0
0
0
36
0
0
3
27
12
45
0
0
0
0
0
0
81
120
0
0
0
0
3
0
25
91
0
19
73
0
0
0
6
0
0
0
0
3
9
0
0
21
7
39
210
0
3
0
5
3
0
0
4
0
4
19
4
8
4
0
0
0
68
25
4
0
8
0
0
0
0
0
6
3
8
4
152
8
12
0
0
4
12
0
4
46
4
0
4
0
36
0
8
24
0
16
4
0
8
4
0
4
0
4
0
0
77
6
0
0
0
8
0
8
36
4
12
34
81
0
4
0
0
37
0
0
36
0
16
39
0
0
0
4
0
8
0
0
4
304
12
81
21
0
20
19
0
16
0
16
161
0
9
0
8
0
0
4
4
0
0
0
16
0
4
0
0
33
23
0
0
0
0
4
0
0
4
0
0
0
0
0
6
16
24
0
0
50
0
0
8
0
8
4
0
0
0
0
4
0
22
0
0
55
1090
5
15
0
10
0
0
23
0
9
9
5
55
0
0
60
0
15
10
0
0
60
25
5
0
5
0
10
0
60
0
0
0
10
205
0
5
10
0
0
0
5
0
0
25
20
5
0
211
0
50
0
80
0
73
25
110
0
0
0
60
5
0
0
2
5
0
5
10
0
0
15
10
5
5
970
0
5
0
77
0
0
0
5
5
0
0
300
10
0
90
0
0
0
65
45
5
5
20
130
0
0
35
100
25
108
0
0
15
5
10
0
0
0
10
10
20
30
10
0
88
0
0
35
20
0
42
0
10
5
5
0
50
0
0
0
0
10
5
10
0
0
0
10
5
5
5
5
10
0
50
5
0
5
0
5
40
5
350
0
0
15
0
0
0
10
25
50
0
0
531
5
0
150
0
0
50
0
5
0
20
0
5
0
10
0
0
0
120
60
0
0
20
0
5
45
0
10
10
75
0
0
25
0
10
10
0
10
0
0
0
0
0
0
5
0
3
0
0
0
0
0
0
5
0
0
0
0
0