0
0
0
0
0
0
0
0
0
0
0
0
0
0
0
0
0
0
0
0
0
0
0
0
0
0
0
0
0
0
0
0
0
0
0
0
0
0
0
0
0
0
0
0
0
0
0
0
0
0
0
0
0
0
0
0
0
0
0
0
0
0
0
0
0
0
0
0
0
0
0
0
0
0
0
0
0
0
0
0
0
0
0
0
0
0
0
0
0
0
0
0
0
0
0
1
0
0
0
0
0
0
0
0
0
0
0
0
0
0
0
0
0
0
0
0
0
0
0
0
0
0
0
0
0
0
0
0
0
0
0
0
0
0
0
0
0
0
0
0
0
0
0
0
0
0
0
0
0
0
0
0
0
0
0
0
0
0
0
0
0
0
0
0
0
0
0
0
0
0
0
0
0
0
0
0
0
0
0
0
0
0
0
0
0
0
0
0
0
0
0
1
0
0
0
0
0
0
0
0
0
0
0
0
1
0
0
0
0
0
0
0
0
0
0
0
0
0
0
0
0
0
0
0
0
0
0
0
0
0
0
0
0
0
0
0
0
0
0
0
0
0
0
0
0
0
0
0
0
0
0
0
0
0
0
0
0
0
0
0
0
0
0
0
0
0
0
0
0
0
0
0
0
0
0
0
0
0
0
0
0
0
0
0
0
0
0
0
0
0
0
0
0
0
0
0
0
0
0
0
0
0
0
0
0
0
0
0
0
0
0
0
0
0
0
0
0
0
0
0
0
0
0
0
0
0
0
0
0
0
0
0
0
0
0
0
0
0
0
0
0
0
0
0
0
0
0
0
0
0
0
0
0
0
0
0
0
0
0
0
0
0
0
0
0
0
0
0
0
0
0
0
0
0
0
0
0
0
0
0
0
0
0
0
0
0
0
0
0
0
0
0
0
0
0
0
0
0
0
0
0
0
0
0
0
1
0
0
0
0
0
0
0
0
0
0
0
0
0
0
0
0
0
0
0
0
0
0
0
0
0
0
0
0
0
0
0
0
0
0
0
0
0
0
0
0
0
0
0
0
0
0
0
0
0
0
0
0
0
0
0
0
0
0
0
0
0
0
0
0
0
0
0
0
0
0
0
0
0
0
0
0
0
0
0
0
0
0
0
0
0
0
0
0
0
0
0
0
0
0
0
0
0
0
0
0
0
0
0
0
0
0
0
0
0
0
0
0
0
0
0
0
0
0
0
0
0
0
0
0
0
0
0
0
0
0
0
0
0
0
0
0
0
0
0
0
0
0
0
0
0
0
0
0
0
0
0
0
0
0
0
0
0
0
0
0
0
0
0
0
0
0
0
0
0
0
0
0
0
0
0
0
0
0
0
0
0
0
0
0
0
0
0
0
0
0
0
0
0
0
0
0
0
0
0
0
0
0
0
0
0
0
0
0
0
0
0
0
0
0
0
0
0
0
0
0
0
0
0
0
0
0
0
0
0
0
0
0
0
0
0
0
0
0
0
0
0
0
0
0
0
0
0
0
0
0
0
0
0
0
0
0
0
0
0
0
0
0
0
0
0
0
0
0
0
0
0
0
0
0
0
0
0
0
0
0
0
0
0
0
0
0
0
0
0
0
0
0
0
0
0
0
0
0
0
0
0
0
0
0
0
0
0
0
0
0
0
0
0
0
0
0
0
0
0
0
0
0
0
0
0
0
0
0
0
0
0
0
0
0
0
0
0
0
0
0
0
0
0
0
0
0
0
0
0
0
0
0
0
0
0
0
0
0
0
0
0
0
0
0
9
0
2
1
2
13
1
4
0
0
8
10
1
6
2
2
10
2
3
2
6
3
1
1
1
2
13
4
20
8
11
11
11
4
7
4
9
0
15
4
2
17
0
7
2
1
0
2
0
0
4
11
3
7
16
6
19
22
5
10
24
2
14
3
5
34
6
12
0
4
3
4
28
5
5
2
1
16
3
4
2
0
16
13
0
1
1
0
1
12
1
1
1
0
7
3
1
2
4
38
0
0
21
6
0
2
0
7
2
2
2
2
1
1
2
5
0
0
27
46
16
19
0
34
0
0
13
8
9
1
5
20
10
1
10
4
16
6
4
6
31
11
17
3
9
1
12
6
24
0
5
3
3
51
1
1
15
0
0
9
5
15
6
20
11
8
19
12
1
29
12
24
4
45
10
43
0
3
6
27
9
6
3
1
2
1
7
1
1
1
1
18
1
30
44
13
3
0
14
15
2
13
13
3
2
0
42
7
1
21
6
10
1
22
22
2
1
7
18
3
2
8
32
35
10
1
26
3
2
19
2
2
1
17
17
52
15
19
2
16
7
3
30
13
1
7
25
49
1
13
27
47
1
1
3
1
8
0
39
28
14
5
24
2
1
1
10
2
1
20
5
1
5
0
17
45
21
35
3
1
4
0
0
2
4
3
37
0
8
32
13
1
18
1
19
28
2
10
3
28
24
1
4
1
1
4
1
26
18
3
7
25
4
4
18
19
13
15
16
4
3
9
7
2
11
1
2
5
6
0
1
2
2
2
1
1
1
0
6
1
6
1
2
6
1
0
1
2