3
0
0
0
0
0
0
18
3
6
0
5
0
53
0
3
0
6
0
0
6
0
0
0
0
16
3
3
0
0
0
0
0
0
3
0
3
9
7
9
12
11
0
11
6
0
3
8
0
0
2
0
3
0
32
3
3
6
6
9
0
0
3
0
3
0
3
0
0
16
3
0
6
0
3
0
0
0
0
0
12
3
15
9
29
0
12
0
3
0
0
3
3
6
0
0
3
0
3
0
0
3
0
3
0
0
10
0
0
0
0
4
0
0
3
0
0
0
0
0
0
48
3
9
3
3
3
0
0
0
0
0
6
12
0
0
0
0
9
3
0
5
3
12
0
0
0
12
0
0
0
9
0
0
0
3
0
0
3
13
3
3
4
0
0
0
0
0
6
0
0
0
0
0
0
3
0
3
3
0
3
21
3
0
0
9
9
12
14
0
3
0
3
3
3
9
9
3
3
29
0
0
9
0
6
3
0
0
0
0
0
0
0
20
0
12
6
0
0
0
0
0
6
6
0
0
0
0
3
0
3
0
9
24
16
3
0
6
0
3
4
0
9
0
12
0
0
3
12
3
3
3
0
0
74
6
3
0
0
0
0
3
3
0
0
0
0
0
0
3
9
3
0
6
0
0
3
3
0
0
0
0
0
0
3
0
3
0
0
3
9
3
0
3
0
0
0
3
0
9
0
0
0
5
0
3
11
0
0
42
9
0
3
0
3
6
0
3
3
6
0
0
0
0
3
0
0
0
0
9
0
3
0
3
0
6
0
0
0
6
0
0
0
0
0
0
0
3
12
0
0
12
0
0
0
0
0
6
0
207
0
12
21
6
0
0
6
0
0
3
0
0
0
0
3
0
24
3
0
0
27
0
3
0
0
0
0
0
6
0
0
3
3
3
12
9
9
6
0
0
0
21
0
0
0
0
12
12
6
12
0
0
12
6
70
6
9
12
121
0
9
21
12
44
0
0
0
12
0
57
0
6
6
3
0
0
8
0
3
71
12
8
0
0
0
0
14
4
6
0
0
0
0
0
12
0
21
0
0
4
0
0
33
0
22
4
0
4
0
16
65
4
4
0
8
0
2
0
0
0
0
0
4
8
0
0
0
4
0
0
0
15
0
0
8
0
4
0
0
8
4
4
0
0
16
55
0
4
4
46
11
76
0
12
0
4
0
0
0
12
3
4
0
0
0
4
4
24
16
0
10
0
23
8
24
6
0
4
0
0
0
0
24
201
0
0
0
0
0
8
0
4
8
7
0
0
16
20
0
0
0
50
0
0
44
4
143
4
40
4
105
24
0
645
12
0
0
6
4
8
63
12
55
0
0
16
72
0
0
0
4
20
52
56
25
89
4
24
21
18
24
42
44
0
9
31
0
34
4
36
4
0
100
0
4
16
25
15
4
8
0
20
20
55
10
15
5
55
0
0
234
185
0
64
77
25
70
967
55
0
25
114
0
120
236
5
0
0
0
60
180
15
5
5
291
10
5
5
40
0
5
30
20
0
0
50
0
171
5
25
5
0
40
30
15
25
0
30
5
245
10
20
141
5
5
10
0
15
10
0
25
25
125
90
10
4
0
5
0
0
0
0
0
40
0
0
35
5
0
5
5
60
30
45
0
130
230
170
1457
20
15
0
0
103
5
0
5
55
125
5
0
35
0
103
0
165
0
0
0
30
153
0
15
10
0
5
5
40
5
0
45
0
5
20
10
0
5
5
30
10
98
50
0
0
30
90
0
30
85
10
0
0
5
0
0
0
5
0
30
0
0
80
75
10
0
280
15
20
5
0
76
40
0
0
5
150
57
40
5
119
5
10
0
0
10
5
20
0
5
14
0
0
5
0
0
10
5
5
5
5
0
0