1
0
0
0
0
0
0
6
1
2
0
1
0
5
0
1
0
2
0
0
2
0
0
0
0
3
1
1
0
0
0
0
0
0
1
0
1
3
1
3
4
3
0
2
2
0
1
2
0
0
0
0
1
0
10
1
1
2
2
3
0
0
1
0
1
0
1
0
0
0
1
0
2
0
1
0
0
0
0
0
4
1
5
3
7
0
4
0
1
0
0
1
1
2
0
0
1
0
1
0
0
1
0
1
0
0
0
0
0
0
0
0
0
0
1
0
0
0
0
0
0
0
1
3
1
1
1
0
0
0
0
0
2
4
0
0
0
0
3
1
0
0
1
4
0
0
0
4
0
0
0
3
0
0
0
0
0
0
1
1
1
1
0
0
0
0
0
0
2
0
0
0
0
0
0
1
0
1
0
0
1
7
1
0
0
3
3
4
0
0
1
0
1
1
1
3
3
1
1
0
0
0
0
0
2
1
0
0
0
0
0
0
0
0
0
4
2
0
0
0
0
0
2
2
0
0
0
0
1
0
1
0
3
0
0
1
0
2
0
1
0
0
3
0
4
0
0
1
4
1
1
1
0
0
0
1
1
0
0
0
0
1
1
0
0
0
0
0
0
0
1
1
0
2
0
0
1
1
0
0
0
0
0
0
0
0
1
0
0
1
3
1
0
1
0
0
0
0
0
3
0
0
0
1
0
1
0
0
0
7
2
0
1
0
1
1
0
0
1
1
0
0
0
0
0
0
0
0
0
3
0
1
0
1
0
2
0
0
0
2
0
0
0
0
0
0
0
1
4
0
0
3
0
0
0
0
0
2
0
2
0
4
7
2
0
0
2
0
0
1
0
0
0
0
1
0
8
1
0
0
9
0
1
0
0
0
0
0
2
0
0
1
1
1
4
2
2
2
0
0
0
1
0
0
0
0
4
4
2
3
0
0
4
2
1
2
3
4
0
0
3
7
4
10
0
0
0
4
0
16
0
1
2
1
0
0
2
0
1
10
3
2
0
0
0
0
0
1
2
0
0
0
0
0
3
0
1
0
0
1
0
0
0
0
4
1
0
1
0
4
1
1
1
0
2
0
0
0
0
0
0
0
1
2
0
0
0
1
0
0
0
0
0
0
2
0
1
0
0
2
1
1
0
0
4
0
0
1
1
0
2
19
0
3
0
1
0
0
0
3
0
1
0
0
0
1
1
6
4
0
0
0
0
2
6
0
0
1
0
0
0
0
1
4
0
0
0
0
0
2
0
1
2
1
0
0
4
5
0
0
0
0
0
0
11
1
35
1
10
1
5
6
0
1
3
0
0
0
1
2
2
3
12
0
0
4
18
0
0
0
1
5
13
13
6
17
1
6
1
4
6
9
9
0
2
7
0
1
1
8
1
0
21
0
1
4
6
3
1
2
0
4
4
2
2
3
1
11
0
0
44
37
0
4
5
5
14
7
11
0
5
1
0
24
46
1
0
0
0
12
36
3
1
1
14
2
1
1
8
0
1
6
4
0
0
10
0
5
1
5
1
0
8
6
3
5
0
6
1
49
2
4
14
1
1
2
0
3
2
0
5
5
25
13
2
0
0
1
0
0
0
0
0
8
0
0
7
1
0
1
1
12
6
9
0
26
46
34
29
4
3
0
0
5
1
0
1
11
25
1
0
7
0
7
0
33
0
0
0
6
7
0
3
2
0
1
1
8
1
0
9
0
1
4
2
0
1
1
6
2
1
10
0
0
6
18
0
6
17
2
0
0
1
0
0
0
1
0
6
0
0
16
14
2
0
5
3
4
1
0
3
8
0
0
1
30
11
8
1
6
1
2
0
0
2
1
4
0
1
0
0
0
1
0
0
2
1
1
1
1
0
0