0
0
0
0
0
0
0
0
0
0
0
0
0
2
0
0
0
0
0
0
0
0
0
0
0
0
0
0
0
0
0
0
0
0
0
0
0
0
0
0
0
0
0
0
0
0
0
0
0
0
0
0
0
0
0
0
0
0
0
0
0
0
0
0
0
0
0
0
0
0
0
0
0
0
0
0
0
0
0
0
0
0
0
0
0
0
0
0
0
0
0
0
0
0
0
0
0
0
0
0
0
0
0
0
0
0
0
0
0
0
0
0
0
0
0
0
0
0
0
0
0
1
0
0
0
0
0
0
0
0
0
0
0
0
0
0
0
0
0
0
0
0
0
0
0
0
0
0
0
0
0
0
0
0
0
0
0
0
0
0
0
0
0
0
0
0
0
0
0
0
0
0
0
0
0
0
0
0
0
0
0
0
0
0
0
0
0
0
0
0
0
0
0
0
0
0
0
0
0
0
0
0
0
0
0
0
0
0
0
0
0
0
0
0
0
0
0
0
0
0
0
0
0
0
0
0
0
0
0
0
0
0
0
0
0
0
0
0
0
0
0
0
0
0
0
0
0
0
0
0
0
0
0
0
0
0
0
0
0
0
0
0
0
0
0
0
0
0
0
0
0
0
0
0
0
0
0
0
0
0
0
0
0
0
0
0
0
0
0
0
0
0
0
0
0
0
0
0
0
0
0
0
0
0
0
0
0
0
0
0
0
0
0
0
0
0
0
0
0
0
0
0
0
0
0
0
0
0
0
0
0
0
0
0
0
0
0
0
0
0
0
0
0
0
0
0
0
0
0
0
0
0
0
0
0
0
0
0
0
2
0
0
0
0
0
0
0
0
0
0
0
0
0
0
0
0
0
0
0
0
0
0
0
0
0
0
0
0
0
0
0
0
0
0
0
0
0
0
0
0
0
0
0
0
0
0
0
0
0
0
0
0
0
0
0
0
0
0
0
0
0
0
0
0
0
0
0
0
0
0
0
0
0
0
0
0
0
0
0
0
0
0
0
0
0
0
0
0
0
0
0
0
0
0
0
0
0
0
0
0
0
0
0
0
0
0
0
0
0
0
0
0
0
0
0
0
0
0
0
0
0
0
0
0
0
0
0
0
0
0
0
0
0
0
0
0
0
0
0
0
0
0
0
0
0
0
0
9
27
7
8
25
0
30
2
18
8
0
2
19
4
2
1
3
0
2
3
17
26
5
2
1
1
4
21
11
1
1
3
0
5
5
7
16
3
2
2
0
3
15
4
50
7
6
2
3
15
21
3
0
0
2
4
2
14
0
48
2
31
2
14
14
23
38
38
1
1
4
22
2
5
10
74
1
1
23
26
0
0
0
7
20
17
43
37
45
9
9
10
28
14
59
37
3
6
16
5
9
2
27
1
2
44
5
1
9
6
21
12
8
1
47
40
6
47
8
7
6
2
1
45
44
0
12
14
27
42
49
16
8
8
5
1
61
42
7
2
10
0
35
59
42
5
7
27
2
9
3
12
20
1
2
17
7
0
31
5
15
15
28
6
9
46
13
25
42
1
17
55
51
2
10
48
7
2
1
1
27
36
1
42
57
121
39
19
3
1
5
9
4
1
2
8
70
0
9
65
0
1
5
1
105
53
95
1
82
55
84
90
51
15
1
6
15
7
2
7
16
76
3
1
44
2
62
9
37
4
1
3
15
24
1
18
38
2
28
13
30
3
4
47
1
2
22
11
3
2
5
24
23
18
15
3
0
12
45
1
35
62
4
1
4
34
1
5
58
1
14
9
1
4
34
42
38
3
34
22
55
6
3
15
22
3
2
33
30
34
21
15
26
24
24
14
1
10
13
14
2
11
3
2
2
1
1
1
6
11
7
6
2
2
1