0
0
0
1
0
0
0
0
0
1
0
0
0
0
0
0
0
0
0
0
0
0
0
0
0
0
1
0
0
0
0
1
0
0
0
0
0
0
0
0
0
0
0
0
1
0
0
1
0
0
0
0
0
0
0
0
0
1
0
1
0
0
1
1
1
1
1
1
1
0
0
0
0
0
0
0
0
0
0
0
0
0
0
0
0
0
0
0
0
2
0
0
0
0
0
0
2
0
0
0
0
0
4
0
3
0
0
0
0
0
0
0
3
5
0
6
8
0
0
1
2
0
1
2
1
0
4
4
0
4
1
4
3
5
3
2
1
1
2
1
2
0
4
1
1
1
0
0
0
0
3
0
0
0
1
7
1
2
1
3
1
6
0
2
0
1
1
1
1
1
4
0
0
0
12
0
0
5
1
1
1
1
0
7
0
0
0
0
0
0
0
0
0
0
0
0
2
0
0
0
0
1
1
0
0
3
0
2
0
0
0
0
4
2
4
0
4
3
9
8
2
2
2
0
0
0
7
0
0
1
0
0
2
1
4
0
2
2
6
4
0
0
0
0
0
1
4
1
1
1
3
2
8
6
2
1
1
4
1
1
3
5
0
3
2
0
0
0
2
2
2
2
3
2
3
2
5
5
2
2
3
5
1
5
1
2
1
1
1
9
1
6
2
5
1
4
1
5
1
1
2
6
3
1
1
6
5
3
1
3
1
1
2
1
1
3
3
1
2
0
0
0
0
1
2
1
2
2
1
2
1
0
0
0
0
0
0
0
0
3
10
2
2
1
7
4
1
13
30
6
1
12
13
0
0
1
0
17
5
14
4
11
3
1
10
2
7
6
6
21
0
3
12
3
8
1
2
2
4
1
3
1
2
16
1
1
1
0
1
0
3
4
7
5
0
3
2
3
17
5
2
4
0
18
3
8
15
1
13
1
20
1
8
0
1
1
1
10
5
1
1
0
1
30
10
0
15
0
28
1
1
12
20
25
1
32
19
2
3
1
4
2
17
1
2
11
2
2
3
1
19
1
1
2
2
22
0
3
0
14
1
1
18
1
22
2
1
1
5
38
1
2
8
16
22
4
7
14
4
2
0
3
14
3
19
6
14
0
1
1
2
2
4
1
19
4
6
0
1
1
18
0
11
10
1
2
0
0
4
4
2
0
8
2
1
2
3
1
8
0
2
8
4
0
19
18
14
9
0
30
0
0
19
3
10
1
3
4
25
11
8
4
18
3
9
1
12
15
17
4
1
22
4
14
1
1
1
5
0
5
2
1
12
0
1
1
2
5
3
5
2
0
15
0
0
0
7
0
0
0
0
4
0
4
8
0
0
0
11
15
3
21
6
1
4
1
6
3
8
1
1
38
7
7
27
25
8
2
8
1
2
5
9
11
17
2
2
1
9
21
0
2
1
2
1
3
2
1
1
6
14
24
24
2
0
2
2
22
7
39
16
1
9
1
6
17
34
0
1
1
18
1
1
1
3
19
2
1
6
6
6
5
0
5
1
1
5
3
0
0
2
1
10
1
20
7
4
10
0
6
1
6
0
36
4
3
6
4
3
5
1
23
7
5
13
4
9
24
1
4
12
3
3
12
2
19
6
36
1
2
1
1
0
2
14
9
17
3
4
5
0
11
2
0
7
6
1
8
2
1
5
6
17
12
14
0
0
0
14
1
4
5
0
8
14
3
2
25
19
2
7
8
3
13
4
1
3
8
3
22
30
2
1
1
4
2
1
16
3
1
2
0
25
1
1
0
5
24
2
10
7
2
1
1
5
0
2
11
0
15
2
3
0
0
0
13
1
0
14
4
1
24
4
1
5
30
5
4
0
0
6
17
0
5
10
16
11
8
38
1
13
8
1
34
0
1
2
4
5
0
8
1
14
3
11
6
28
1
2
4
19
0
0
0
1
0
2
8
7
23
1
13
0
6
1
0
0
7
34
2
2
17
10
2
2
1
2
2
13
0
1
1
2
22
1
1
26
0
10
6
1
20
0
0
0
0
24
0
0
1
15
3
0
2
1
26
4
6
5
2
7
8
2
7
0
17
3
27
29
25
4
16
0
0
28
11
9
3
1
22
3
23
18
32
3
23
16
2
24
1
1
12
0
2
0
0
0
0
0
32
4
2
4
4
7
1
18
7
1
1
4
2
35
16
1
7
0
2
2
1
2
11
4
18
2
2
1
2
2
1
17
0
5
6
20
1
24
22
2
8
1
0
15
1
4
8
2
2
16
2
2
8
1
16
1
1
16
15
15
4
2
1
3
2
9
3
6
2
3
1
0
21
1
7
18
20
2
11
1
6
3
10
2
5
3
9
3
5
5
2
7
1
9
12
3
9
2
0
2
2
3
2
1
5
3
0
3
1
4
1
3
1
3
1