0
2
3
9
0
0
0
3
0
3
0
6
2
5
0
0
0
6
0
7
0
0
0
0
0
0
5
0
4
0
0
3
0
0
0
0
0
0
0
0
0
0
0
0
0
0
3
0
0
0
0
0
3
3
8
0
0
0
0
3
0
0
0
4
15
0
0
0
3
0
2
0
0
0
3
4
0
0
6
0
3
0
0
0
0
0
0
0
0
3
11
0
0
0
0
0
6
0
0
0
0
3
10
0
6
0
0
4
0
0
3
0
6
9
0
19
42
0
0
0
0
0
0
0
0
0
0
0
0
3
3
18
0
6
3
0
0
0
6
0
0
0
5
0
3
0
0
3
0
0
32
0
0
0
0
0
3
3
0
3
0
28
0
4
0
0
0
3
6
0
9
3
0
0
27
3
0
9
0
6
0
9
0
13
4
0
0
0
0
0
4
0
3
0
0
0
10
0
0
0
0
3
0
0
0
0
0
3
3
0
0
3
0
15
21
0
8
3
9
4
0
0
0
0
0
0
6
0
0
6
0
3
0
0
14
0
0
6
3
6
0
0
0
3
0
0
8
0
9
6
11
0
3
9
9
0
0
0
0
0
0
4
0
9
3
0
3
0
0
6
0
0
8
0
16
0
6
0
6
15
0
0
0
0
0
3
6
0
0
23
3
0
0
6
0
24
0
5
3
3
6
3
0
0
0
17
12
0
0
9
0
0
0
0
0
4
6
0
0
0
0
0
0
0
6
0
3
0
0
0
0
0
0
0
0
0
0
0
0
9
12
6
0
0
0
3
0
0
144
3
3
6
25
0
0
0
0
24
0
3
3
15
0
0
0
3
15
0
3
6
0
0
18
0
6
3
0
0
0
3
5
0
0
12
0
0
3
0
3
0
0
0
0
3
0
0
9
0
3
9
0
13
3
24
3
3
0
0
0
0
6
0
39
0
0
0
0
12
3
0
0
0
0
18
3
0
3
0
180
0
0
18
21
44
0
24
104
0
0
3
6
9
0
0
0
15
0
10
0
3
24
0
0
0
0
57
0
0
0
3
3
0
21
3
69
0
10
0
6
30
0
3
3
12
0
3
3
6
14
6
0
6
3
6
45
3
6
0
3
0
0
3
0
0
32
3
3
0
0
0
59
0
6
110
0
0
0
3
0
0
0
0
6
0
0
0
0
0
25
0
0
3
0
0
0
12
6
12
0
34
0
0
6
0
3
0
12
6
14
9
12
0
3
0
31
3
15
12
40
3
0
42
0
166
0
0
11
0
0
3
0
0
19
0
3
0
0
15
0
0
0
0
0
0
5
0
23
0
0
0
0
46
0
10
4
0
0
0
0
0
0
24
3
0
0
0
13
3
4
0
0
66
4
0
24
123
8
0
20
0
0
10
8
0
20
8
0
0
14
265
0
0
4
4
0
0
0
0
0
16
48
4
4
0
0
4
6
12
4
20
28
0
4
0
16
0
32
4
9
4
0
0
0
0
4
4
0
0
4
0
40
20
0
42
0
0
0
4
6
8
4
0
20
0
12
12
0
8
0
0
0
48
3
233
11
8
12
0
0
0
0
28
0
143
12
4
12
28
0
19
200
3
0
354
0
0
48
125
0
0
8
0
0
0
0
101
80
0
0
32
0
12
0
0
4
27
0
24
0
0
159
14
41
4
4
12
0
0
38
0
0
4
0
0
20
0
4
23
34
4
0
0
0
367
0
0
0
0
0
152
45
0
0
0
21
0
0
8
0
0
4
4
49
0
0
4
0
86
0
62
127
0
2
0
51
0
4
5
0
130
0
0
0
0
0
30
5
5
135
0
5
10
37
0
10
30
5
0
0
0
25
10
10
0
25
252
183
10
40
0
45
10
0
40
0
10
0
5
30
0
30
0
380
25
20
38
70
0
10
30
45
0
0
0
0
0
10
38
30
125
0
30
0
10
5
0
0
5
15
0
0
0
0
5
0
10
5
10
267
5
0
0
0
10
0
0
30
0
214
10
0
80
0
0
0
0
45
5
0
0
5
0
0
10
0
103
10
5
5
0
15
112
81
35
0
35
0
115
128
377
5
15
0
0
65
20
15
0
0
170
0
373
5
0
25
20
10
3
30
5
0
25
33
5
0
0
0
5
0
35
5
0
20
8
55
10
24
0
0
0
11
0
30
5
0
125
0
5
0
0
0
5
0
5
0
0
0
0
0
0
5
0
0
25
70
0
325
30
5
0
0
0
5
0
0
10
0
0
10
0
0
15
0
15
0
0
58
15
5
38
0
0
15
10
0
10
0
3
0
0
0
30
0
36
55
5
0
23
0
5
0
43
0
0
0
0
0
5
72
0
0
0
0
0
0
0
5
0
20
0
5
0
0
0
0
0
3
20
0
0
11
0
0
5