0
0
0
0
0
0
0
0
0
0
0
0
0
0
0
0
0
0
0
0
0
0
0
0
0
0
0
0
0
0
0
0
0
0
0
0
0
0
0
0
0
0
0
0
0
0
0
0
0
0
0
0
0
0
0
0
0
0
0
0
0
0
0
0
0
0
0
0
0
0
0
0
0
0
0
0
0
0
0
0
0
0
0
0
0
0
0
0
0
0
0
0
0
0
0
0
0
0
0
0
0
0
0
0
0
0
0
0
0
0
0
0
0
0
0
0
0
0
0
0
0
0
0
0
0
0
0
0
0
0
0
0
0
0
0
0
0
0
0
0
0
0
0
0
0
0
0
0
0
0
1
0
0
0
0
0
0
0
0
0
0
0
0
0
0
0
0
0
0
0
0
0
0
0
0
0
0
0
0
0
0
0
0
0
0
0
0
0
0
0
0
0
0
0
0
0
0
0
0
0
0
0
0
0
0
0
0
0
0
0
0
0
0
0
0
0
0
0
0
0
0
0
0
0
0
0
0
0
0
0
0
0
0
0
0
0
0
0
0
0
0
0
0
0
0
0
0
0
0
0
0
0
0
0
0
0
0
0
0
0
0
0
0
0
0
0
0
0
0
0
0
0
0
0
0
0
0
0
0
0
0
0
0
0
0
0
0
0
0
0
0
0
0
0
0
0
0
0
0
0
0
0
0
0
0
0
0
0
0
0
0
0
0
0
0
0
0
0
0
0
0
0
0
0
0
0
0
0
0
0
0
0
0
0
0
0
0
0
0
0
0
0
0
0
0
0
0
0
0
0
0
0
0
0
0
0
0
0
0
0
0
0
0
0
0
0
0
0
0
0
0
0
0
0
0
0
0
0
0
0
0
0
0
0
0
0
0
0
0
0
0
0
0
0
0
0
0
0
0
0
0
0
0
0
0
0
0
0
0
0
0
0
0
0
0
0
0
0
0
0
0
0
0
0
0
0
0
0
0
0
0
0
0
0
0
0
0
0
0
0
0
0
0
0
0
0
0
0
0
0
0
0
0
0
0
0
0
0
0
0
0
0
0
0
0
0
0
0
0
0
0
0
0
0
0
0
0
0
0
0
0
0
0
0
0
0
0
0
0
0
0
0
0
0
0
0
0
0
0
0
0
0
0
0
0
0
0
0
0
0
0
0
0
0
0
0
0
0
0
0
0
0
0
0
0
0
0
0
0
0
0
0
0
0
0
0
0
0
0
0
0
0
0
0
0
0
0
0
0
0
0
0
0
0
0
0
0
0
0
0
0
0
0
0
0
0
0
0
0
0
0
0
0
0
0
0
0
0
0
0
0
0
0
0
0
0
0
0
0
0
0
0
0
0
0
0
0
0
0
0
0
0
0
0
0
0
0
0
0
0
0
0
0
0
0
0
0
0
0
0
0
0
0
0
0
0
0
0
0
0
0
0
0
0
0
0
0
0
0
0
0
0
0
0
0
0
0
0
0
0
0
0
0
0
0
29
4
0
11
16
17
4
1
6
2
2
2
4
1
1
3
0
18
0
27
7
3
22
1
2
0
8
1
54
1
3
6
0
2
5
0
32
7
11
30
2
20
29
0
0
13
4
1
24
3
38
15
70
2
7
2
1
1
0
24
26
27
2
4
13
1
30
2
3
14
16
0
18
1
2
14
14
38
29
32
1
1
1
31
0
2
6
1
9
19
2
0
35
39
0
1
7
1
29
5
2
3
10
0
46
48
4
0
5
18
4
1
32
9
2
10
3
38
3
3
2
10
46
1
21
10
0
1
2
11
2
2
23
2
25
0
4
1
1
1
31
4
1
32
11
2
46
16
1
14
41
9
9
1
2
19
32
1
5
22
37
20
10
79
2
24
7
1
63
1
1
7
4
9
7
27
0
23
5
27
9
59
2
3
8
43
1
1
1
3
1
11
17
21
44
8
19
1
7
5
2
4
5
49
0
0
24
7
2
1
1
3
2
19
1
0
0
5
45
1
1
35
1
24
12
0
37
2
1
1
1
49
1
1
1
34
1
1
1
0
46
5
12
5
0
11
15
5
14
1
29
7
48
55
44
14
25
2
1
52
14
13
0
1
42
5
37
36
44
9
34
31
4
49
2
2
26
2
3
1
2
2
1
1
46
9
1
7
5
30
0
14
10
0
0
1
2
38
11
3
12
1
0
0
0
0
16
0
11
0
0
0
0
0
0
19
2
3
13
28
3
33
20
1
12
3
1
15
2
2
13
1
0
15
0
0
6
0
14
0
0
24
17
20
4
2
1
3
8
8
4
1
2
5
1
1
16
2
3
13
14
0
8
0
2
1
8
2
6
3
5
2
6
4
0
5
0
7
4
2
6
1
1
4
1
1
1
0
1
3
2
4
3
3
2
4
1
2
1