1
1
1
1
1
1
1
1
1
1
5
1
1
1
1
1
1
1
1
1
0
0
0
0
0
0
0
0
0
0
0
0
0
0
0
4
0
0
0
0
0
0
0
0
2
0
0
0
0
4
0
0
2
0
2
0
0
0
2
1
4
2
1
0
2
2
2
2
3
2
1
1
0
1
1
18
1
0
4
12
2
1
5
1
4
5
1
2
4
0
0
13
0
1
3
8
0
3
5
9
1
1
4
1
1
6
2
7
6
1
7
1
1
1
3
6
5
1
0
1
2
1
2
8
5
4
3
4
2
2
2
2
1
10
3
5
17
6
12
2
1
3
5
0
1
11
0
2
1
2
11
2
3
2
1
6
1
9
4
7
8
5
8
7
8
10
9
5
9
4
1
1
5
5
1
2
1
0
0
2
0
0
7
1
7
4
9
0
0
0
1
5
4
5
5
3
1
0
12
0
4
11
2
2
1
3
2
0
6
3
1
3
2
1
1
1
0
0
2
3
2
2
6
13
3
2
0
0
0
3
11
3
1
3
3
5
3
3
4
3
3
1
1
0
10
0
1
10
7
5
3
3
4
5
1
1
3
0
0
2
0
2
2
1
1
0
5
2
0
0
1
1
13
6
7
2
3
6
1
2
3
4
0
6
5
9
5
6
1
3
3
8
0
3
3
2
0
3
1
3
1
7
3
1
1
1
6
3
2
1
1
1
3
3
4
2
1
1
2
0
0
0
0
4
0
0
0
0
0
0
4
2
0
0
0
0
4
2
1
3
3
2
1
2
1
1
8
2
2
1
1
2
0
1
3
0
0
0
0
1
3
0
4
0
0
2
0
0
0
0
3
3
3
4
3
2
3
3
1
3
2
4
0
22
1
1
2
5
0
1
9
1
1
1
0
1
0
0
6
12
14
0
6
4
13
2
6
1
2
0
18
5
3
3
3
11
1
2
5
0
1
11
8
10
20
1
1
1
10
15
15
13
1
9
3
2
13
6
1
7
2
2
2
4
2
4
10
0
0
0
6
1
9
6
4
3
2
0
1
0
1
4
0
1
1
1
1
1
1
0
1
2
2
2
1
0
7
1
0
4
0
0
0
0
0
3
3
3
3
3
4
3
7
1
1
6
2
0
2
0
6
1
1
1
1
1
1
1
1
1
0
3
1
1
1
1
0
0
4
0
0
0
0
1
4
4
4
1
1
5
0
0
0
2
3
3
2
3
3
3
3
1
1
0
0
0
2
0
0
0
1
0
0
2
2
0
0
4
7
0
0
4
2
0
0
0
1
0
0
1
0
1
0
2
0
0
0
3
1
3
6
4
2
0
0
2
6
2
2
1
4
2
6
5
4
2
0
0
0
2
1
3
3
3
2
3
2
1
1
0
0
0
1
1
1
1
0
1
1
1
1
0
0
0
0
0
0
0
0
10
0
0
0
0
0
0
2
0
0
0
0
0
0
0
0
0
0
0
0
0
6
0
3
16
0
5
7
2
0
0
9
3
0
2
2
2
2
6
1
2
13
4
4
1
2
2
10
4
13
0
0
8
6
13
1
3
3
3
5
13
6
1
15
2
0
2
1
0
1
2
1
6
0
0
13
2
6
5
10
0
5
1
2
2
2
4
9
5
3
13
3
11
9
8
4
6
10
3
10
5
6
8
4
8
2
19
0
2
7
0
0
0
3
8
0
17
2
0
2
5
9
0
5
0
20
12
5
19
4
2
1
0
0
10
0
4
2
1
4
5
17
5
2
6
3
22
15
6
0
2
8
1
3
5
3
1
2
6
14
0
3
5
1
2
17
4
12
4
1
1
1
4
26
2
1
7
2
6
25
3
20
21
11
14
3
10
27
5
2
3
9
1
14
20
16
2
18
2
1
6
12
2
1
8
3
5
1
16
1
4
10
3
16
14
0
8
30
29
21
15
1
2
8
23
2
26
1
31
7
12
18
24
29
0
0
10
3
35
0
2
11
4
4
17
16
23
1
5
10
1
40
1
7
11
6
48
11
1
31
6
5
13
3
12
8
1
1
1
7
22
16
1
0
4
13
3
4
2
22
3
37
1
14
2
1
55
8
14
43
50
2
11
10
14
1
10
4
23
10
12
5
15
19
0
1
4
16
15
6
65
2
5
46
4
6
27
2
46
3
3
2
37
36
9
12
1
13
52
14
2
13
9
40
8
11
0
28
1
11
35
2
19
1
24
22
45
33
5
41
54
36
20
3
6
13
53
31
1
17
38
25
12
40
0
2
2
22
7
8
43
17
24
6
26
29
26
11
5
9
3
28
26
16
1
2
11
2
25
15
26
4
0
19
4
21
2
11
17
2
14
0
10
0
8
8
2
8
8
4
10
3
4
5
1
7
2
11
9
6
10
1
2
5
6
3
5
0
1
1
4
1
6
5
1
1