0
0
0
0
0
0
1
0
0
0
0
0
0
0
0
0
0
0
0
0
0
0
0
1
0
0
0
0
0
0
0
0
0
0
0
0
0
0
0
0
0
0
0
0
0
0
0
0
0
9
0
0
3
0
0
0
0
0
0
0
0
0
0
0
0
0
0
2
0
0
0
0
0
0
0
2
0
0
0
0
0
0
0
0
0
0
0
0
0
0
1
0
0
0
0
0
0
0
0
0
0
0
2
0
0
1
0
0
0
0
3
0
0
0
0
0
7
0
0
0
0
0
0
0
0
0
0
0
0
2
0
0
0
7
0
0
0
0
1
2
0
0
0
0
0
3
0
0
0
0
26
0
0
0
0
1
0
4
0
1
5
0
6
1
6
4
0
3
9
2
0
0
0
6
0
0
0
0
0
3
0
0
0
0
9
10
3
0
0
0
0
0
0
2
3
3
0
0
0
0
6
19
3
3
0
0
12
0
3
0
0
0
0
0
0
0
0
0
3
4
0
6
31
9
6
0
0
0
0
0
2
12
0
0
0
6
5
3
0
3
3
0
0
0
6
0
0
16
0
2
0
0
3
0
0
3
10
0
0
0
0
0
0
0
0
3
14
0
0
0
0
0
24
3
4
0
0
25
0
0
6
0
0
22
6
3
10
0
0
0
3
3
0
11
3
3
0
3
0
0
0
9
15
0
3
3
10
3
0
0
0
6
0
3
12
3
3
0
3
0
0
0
0
37
0
0
0
0
0
0
0
0
0
0
3
0
0
3
0
0
3
3
0
15
0
0
6
0
6
0
0
24
4
7
7
0
0
0
0
0
4
0
9
0
0
0
0
3
0
0
9
0
0
0
13
0
0
0
0
0
0
22
0
6
0
0
0
6
0
3
3
0
0
0
0
0
0
0
8
3
20
0
0
12
12
0
9
0
0
0
45
6
9
3
3
48
0
0
0
0
0
45
0
26
72
0
0
0
6
6
6
6
0
0
0
0
18
3
0
27
0
3
0
0
0
0
3
0
0
0
7
7
0
9
0
0
0
0
3
0
0
0
0
7
0
0
0
6
0
0
0
0
0
0
6
3
6
0
0
0
0
0
0
0
0
0
25
0
7
0
3
0
0
0
0
18
3
0
0
0
28
3
0
0
3
0
4
0
0
0
0
15
0
0
0
7
0
0
6
3
0
0
0
0
0
0
3
0
0
3
0
4
0
0
21
4
6
6
0
0
0
0
6
0
0
0
3
0
0
0
0
0
0
0
0
0
0
3
6
10
0
6
0
0
0
0
0
0
0
0
0
0
0
0
0
0
0
5
0
0
3
4
0
3
0
0
29
0
2
0
3
3
0
6
3
3
0
0
0
3
0
3
0
6
0
9
0
10
0
0
0
0
2
0
9
0
0
0
6
0
27
0
0
3
0
3
3
0
0
6
0
0
2
0
0
0
9
9
0
0
0
0
0
0
0
0
0
0
0
0
3
0
0
0
0
3
0
14
0
0
6
3
0
0
3
0
0
0
0
3
58
5
0
0
0
4
9
0
79
0
0
3
0
9
0
0
0
8
8
9
3
0
0
3
0
0
0
0
0
0
0
9
0
0
3
6
3
6
0
0
9
0
0
0
0
15
0
6
0
67
0
9
98
15
0
3
0
9
0
0
6
18
0
6
3
3
0
0
13
0
0
3
0
0
0
8
3
0
9
9
18
0
19
0
3
22
3
8
6
14
3
0
0
4
0
13
0
0
0
4
67
12
0
8
4
301
24
8
0
0
80
0
8
4
0
0
0
0
8
0
0
16
0
0
12
3
4
0
0
8
0
0
8
0
0
0
0
4
41
0
68
0
16
8
0
0
28
8
0
6
0
0
12
20
4
0
44
8
0
0
210
4
4
0
0
0
0
44
0
0
3
0
60
8
0
28
733
43
12
86
4
3
9
23
0
21
0
172
12
8
12
5
106
0
0
0
8
19
0
0
20
4
0
9
0
14
0
0
5
0
220
0
0
0
15
164
0
0
5
0
0
20
80
15
5
0
0
0
0
5
25
0
0
0
104
5
0
0
0
0
30
0
123
0
0
15
0
5
25
20
0
34
10
35
5
0
0
20
15
20
0
25
50
0
0
0
30
20
10
809
0
5
20
0
0
15
0
10
0
5
0
30
40
0
55
5
141
35
40
5
0
5
0
10
13
0
5
5
30
5
0
40
0
5
40
15
50
0
266
60
40
15
0
5
0
10
5
0
30
20
10
71
10
0
0
0
15
20
5
5
0
10
0
10
10
5
0
5
5
0
15
10
0
0
0
0
0
10
18
340
15
0
0
5
48
0
36
15
5
0
0
35
0
5
10
0
10
0
5
20
0
0
0
0
0
0
30
0
0
5
0
0
5
5
0
7
0
0
0
0
0
10
0
0
0