0
0
0
0
2
0
0
0
0
0
0
0
0
0
0
0
0
0
0
0
0
0
0
0
0
0
2
0
0
0
0
0
0
0
0
0
0
0
0
0
0
0
0
0
0
0
0
0
0
0
0
0
0
0
0
0
0
0
0
0
0
1
3
2
1
2
2
0
0
0
2
2
3
1
2
3
1
1
2
2
2
1
1
1
1
1
1
1
1
1
1
1
2
0
3
0
0
1
0
0
0
0
3
0
3
0
0
0
0
0
0
2
0
0
0
2
0
0
2
0
0
0
0
0
0
0
3
3
1
3
3
3
3
3
3
1
4
1
0
0
0
2
3
0
0
0
0
0
0
0
0
0
0
0
0
0
0
0
6
3
0
0
0
3
0
0
0
0
0
3
3
6
6
3
2
3
3
3
3
6
0
0
0
0
0
0
3
0
7
3
15
0
4
0
0
0
0
1
0
0
3
6
3
3
2
8
3
15
5
1
12
3
2
3
2
1
2
2
3
2
3
0
2
2
7
12
0
13
4
4
12
15
9
12
1
2
3
0
8
2
2
2
15
13
8
2
3
0
6
13
2
2
5
4
5
0
0
9
6
12
3
7
6
1
3
10
3
4
8
3
1
26
4
2
2
1
4
7
2
5
4
5
1
10
2
5
4
1
0
0
0
8
4
2
2
6
4
6
18
9
5
3
3
6
11
3
3
3
3
10
3
1
4
0
1
5
1
6
0
2
2
19
4
0
0
4
0
9
0
0
1
0
0
0
0
0
0
16
18
20
16
13
3
7
3
3
16
16
0
4
1
0
0
0
0
1
0
0
0
0
1
0
0
11
8
3
12
5
3
7
15
3
11
2
6
0
0
0
32
0
0
0
6
3
10
1
0
0
0
0
0
25
6
16
5
1
0
6
1
0
1
1
2
1
2
16
0
5
16
0
7
0
0
0
0
4
6
6
0
2
11
3
1
1
2
9
4
0
3
2
1
14
0
6
1
3
0
46
0
1
3
1
1
4
1
2
6
2
7
8
28
2
40
36
44
20
1
7
11
16
0
3
0
0
0
0
0
0
0
1
5
1
0
0
17
0
3
4
1
5
7
0
0
0
0
0
0
28
2
0
0
9
0
10
0
0
0
1
2
13
41
4
8
9
30
0
30
1
1
36
16
1
0
0
0
10
6
27
0
12
2
9
32
1
0
19
24
19
2
0
1
5
41
18
4
0
11
0
0
18
0
0
0
0
0
0
0
0
0
1
0
3
6
18
0
0
0
22
0
0
0
0
5
15
1
18
1
1
28
1
9
1
1
1
0
0
0
0
0
14
1
4
0
0
45
0
0
0
1
27
15
3
0
1
3
0
10
0
0
1
3
2
0
0
0
6
0
0
0
32
13
0
19
27
0
0
4
0
0
0
2
1
12
2
2
0
0
0
0
34
7
1
0
3
1
1
20
32
28
3
5
34
25
35
1
1
1
8
1
19
3
0
10
2
0
4
26
2
0
0
6
0
0
0
0
0
2
4
0
8
0
0
26
0
0
0
0
15
2
0
5
0
0
17
0
0
0
2
2
6
2
1
0
11
0
0
2
25
0
13
23
5
2
0
0
0
7
17
11
0
0
2
0
0
0
0
0
0
12
1
0
0
19
0
0
0
20
9
8
17
2
15
23
0
0
7
0
0
0
0
0
0
1
0
0
0
0
0
1
3
0
0
2
12
4
4
0
0
0
0
1
0
6
0
0
0
12
1
9
5
0
0
5
0
0
10
0
0
0
0
0
0
0
0
0
0
4
0
0
0
10
0
0
0
4
2
8
5
7
1
0
2
0
8
1
1
1
0
0
0
0
0
0
0