0
0
0
0
6
0
0
0
3
0
0
0
0
0
0
0
0
0
0
0
0
0
0
0
0
0
0
0
0
0
0
0
0
0
0
0
0
0
0
3
0
0
3
0
0
0
0
0
0
0
0
0
0
0
0
0
0
0
0
0
0
0
0
0
0
0
0
0
0
0
0
0
0
0
0
0
0
0
0
0
0
0
0
0
0
0
0
0
0
0
0
0
0
0
21
0
0
0
0
0
0
0
0
0
3
0
0
0
0
0
0
18
0
0
0
6
0
0
4
0
0
0
3
0
0
0
0
8
6
40
0
6
0
42
0
0
3
0
0
0
0
3
3
0
0
0
3
0
0
0
0
0
0
0
0
0
0
0
0
3
0
0
0
0
0
6
0
0
0
0
0
3
3
0
0
0
0
0
0
3
0
0
0
3
3
3
3
0
36
34
18
0
0
0
0
0
6
0
0
0
0
37
3
6
0
9
0
10
0
3
33
26
0
5
6
0
3
0
3
0
3
0
9
14
0
0
0
24
12
36
43
16
32
6
0
0
3
0
0
0
15
0
36
31
0
0
40
0
32
7
0
3
25
6
9
0
6
20
0
3
3
6
6
3
4
28
0
3
4
3
6
651
58
3
6
0
4
127
4
0
4
4
0
4
8
4
24
16
0
0
0
56
16
4
0
12
4
16
12
13
8
8
0
36
24
0
0
8
66
20
8
4
42
0
8
8
0
63
0
8
30
20
20
0
0
0
12
16
40
56
8
8
4
4
29
0
0
36
57
42
16
32
0
0
0
4
0
20
4
16
0
0
0
20
12
0
31
0
0
8
12
12
40
0
112
28
4
8
0
0
24
0
4
4
4
0
32
0
125
8
4
0
24
0
32
12
0
4
0
7
0
12
32
65
4
17
16
0
8
8
0
0
0
0
0
58
0
0
8
0
17
4
0
4
8
36
28
8
0
0
365
48
0
0
8
8
0
20
0
0
0
36
4
111
36
0
12
1010
0
12
4
0
0
0
12
0
32
0
4
5
5
4
70
70
188
49
0
24
9
50
8
0
8
8
4
0
13
63
0
12
5
0
0
4
10
51
3
0
0
9
5
0
0
5
0
0
40
10
5
5
0
5
10
15
0
0
10
0
0
30
90
10
10
138
50
0
20
0
0
60
30
129
5
5
0
50
5
15
0
90
5
45
30
9
0
486
50
45
5
0
5
38
15
45
20
0
10
5
0
5
5
5
15
5
0
5
15
0
0
10
0
5
158
5
10
0
0
45
5
10
0
0
256
45
0
73
10
0
30
0
50
0
0
0
30
0
12
5
9
15
0
0
0
10
651
0
0
0
40
25
15
0
10
0
0
0
145
5
0
20
40
15
0
0
0
128
0
20
5
5
70
51
5
133
0
0
5
0
0
5
26
5
40
10
5
0
10
0
0
30
10
20
35
0
5
0
30
5
5
0
20
50
0
25
0
0
0
5
0
0
15
5
0
0
0
10
45
5
5
5
20
0
5
30
32
10
0
40
5
5
0
5
35
0
0
0
0
30
0
15
5
0
10
15
0
0
15
5
0
0
43
5
0
20
10
0
5
15
0
0
8
0
35
0
15
5
91
65
10
0
0
0
9
0
0
5
5
5
72
0
0
5
40
0
0
0
230
10
5
0
0
5
10
5
0
10
0
0
0
0
5
0
29
0
35
15
10
0
5
0
5
32
5
70
10
25
0
5
18
0
40
5
5
0
0
15
30
0
0
0
5
15
0
20
0
5
5
0
10
34
5
5
10
5
15
0
5
10
38
5
10
5
10
0
15
5
5
20
5
5
0
10
0
0
0
0
5
0
5
0
0
17
0
0