0
0
0
0
0
0
0
0
0
0
0
0
0
0
0
0
0
0
0
0
0
0
0
0
0
0
0
0
0
0
0
0
0
0
0
0
0
0
0
0
0
0
1
0
0
0
0
0
0
0
0
0
0
0
0
0
0
0
0
0
0
0
0
0
0
0
0
0
0
0
0
0
0
0
0
0
0
0
0
0
0
0
0
0
0
0
0
0
0
0
0
0
0
0
0
0
0
0
0
0
0
0
0
0
0
0
0
0
0
0
0
0
0
0
0
0
0
0
0
0
0
0
0
0
0
0
0
0
0
0
0
0
0
0
0
0
0
0
0
0
0
0
0
0
0
0
0
0
0
0
0
0
0
0
0
0
0
0
0
0
0
0
0
0
0
0
0
0
0
0
0
0
0
0
0
0
0
0
0
0
0
0
0
0
0
0
0
0
0
0
0
0
0
0
0
0
0
0
0
0
0
0
0
0
0
0
0
0
0
0
0
0
0
0
0
0
0
0
0
0
0
0
0
0
0
0
0
0
0
0
0
0
0
0
0
0
0
0
0
0
0
0
0
0
0
0
0
0
0
0
0
0
0
0
0
0
0
0
0
0
0
0
0
0
0
0
0
0
0
0
0
0
0
0
0
0
0
0
0
0
0
0
0
0
0
0
0
0
0
0
0
0
0
0
0
0
0
0
0
0
0
0
0
0
0
0
0
0
0
0
0
0
0
0
0
0
0
0
0
0
0
0
0
0
0
0
4
10
6
7
3
4
4
1
1
1
2
8
29
20
11
8
4
7
1
2
25
9
1
10
3
3
3
7
3
2
4
2
2
3
4
3
2
10
10
3
15
4
3
2
16
1
9
1
5
2
5
2
31
3
3
2
9
3
9
6
2
1
2
1
2
14
6
11
4
3
2
6
8
1
0
1
0
1
1
21
1
2
14
1
19
3
3
4
3
5
10
2
2
1
23
3
0
0
5
6
6
4
4
1
0
17
5
17
5
9
2
29
2
1
4
0
0
1
2
1
8
0
0
8
13
2
33
41
41
21
0
8
12
14
4
5
3
3
2
3
4
6
3
3
8
6
3
3
32
5
0
0
2
2
14
2
2
2
1
2
6
19
6
1
1
8
3
16
1
1
2
2
0
33
44
2
5
6
24
2
34
4
5
34
11
7
4
2
2
27
4
23
3
12
4
11
33
4
2
19
34
17
6
2
2
4
42
17
3
1
12
2
2
10
5
2
1
2
1
1
2
1
1
4
1
2
22
26
5
2
1
38
3
1
1
1
16
23
1
19
1
1
26
0
17
1
2
3
3
2
3
2
3
30
2
4
1
2
42
5
1
1
9
24
17
3
4
2
12
3
18
2
5
9
13
9
1
5
3
27
3
5
2
24
19
4
16
25
4
3
13
3
2
2
8
5
10
2
7
3
6
3
2
26
5
4
3
1
0
1
17
24
14
9
6
25
11
22
0
0
3
7
0
13
5
8
12
4
3
9
6
3
2
6
10
1
5
5
6
1
1
6
3
7
1
1
13
2
1
3
3
7
3
2
6
2
1
11
4
1
5
1
0
4
2
4
1
6
3
1
8
16
2
2
8
2
9
2
7
2
7
9
10
2
2
5
2
2
2
1
1
2
6
1
2
2
15
2
2
2
9
7
8
7
4
6
6
2
2
5
2
2
4
2
2
4
3
2
6
1
1
1
2
3
6
3
4
9
6
10
2
5
2
2
3
5
12
5
2
2
8
1
1
2
3
6
4
2
3
8
3
2
3
3
3
2
3
3
3
3
6
3
2
4
4
2
2
2
5
2
3
6
6
4
2
4
1
3
1
0
4
4
3
2
1
2
1
1