3
0
0
5
0
0
0
3
0
0
0
0
0
0
0
0
0
2
0
0
3
3
0
0
0
0
0
0
0
0
0
0
0
0
0
0
0
0
0
0
0
4
0
0
0
0
0
0
0
3
0
0
0
0
0
0
0
0
0
0
0
0
0
0
0
0
20
0
0
0
0
0
0
0
0
4
0
0
0
0
0
8
4
0
0
0
0
9
0
8
0
0
8
4
0
0
0
0
0
0
4
9
0
0
0
0
0
0
0
4
0
0
0
9
8
22
0
0
0
0
4
0
7
0
4
0
8
0
0
7
0
0
0
0
0
12
0
0
0
0
0
0
0
0
0
0
234
0
4
0
0
0
3
0
0
0
0
0
36
0
0
26
0
0
13
5
0
0
0
0
0
0
0
0
4
0
0
0
18
8
28
8
7
14
491
4
4
14
0
0
18
0
0
0
0
0
4
89
419
0
84
44
35
15
10
0
10
5
0
0
15
5
40
5
5
0
0
0
20
123
0
0
0
5
0
40
10
0
40
0
0
0
0
0
0
0
5
0
0
0
15
0
5
0
61
10
5
0
5
0
0
0
15
15
25
15
5
0
0
30
20
5
0
15
15
68
0
226
0
35
0
25
25
0
0
0
0
5
0
46
0
5
15
0
0
0
0
0
8
5
10
0
0
25
0
0
20
45
10
597
0
0
0
0
0
0
0
0
40
0
5
0
0
0
0
0
10
0
0
15
0
54
10
55
0
5
0
0
10
5
0
0
0
0
0
0
25
0
0
0
20
0
0
0
35
0
0
0
0
65
0
5
70
0
0
20
0
0
0
0
0
0
20
11
10
35
35
0
20
15
15
5
0
0
15
10
10
5
0
0
0
0
0
25
26
0
0
0
25
0
10
15
5
0
38
0
9
0
0
0
0
0
0
0
21
0
0