1
0
0
1
0
0
0
1
0
0
0
0
0
0
0
0
0
0
0
0
0
1
0
0
0
0
0
0
0
0
0
0
0
0
0
0
0
0
0
0
0
0
0
0
0
0
0
0
0
1
0
0
0
0
0
0
0
0
0
0
0
0
0
0
0
0
5
0
0
0
0
0
0
0
0
1
0
0
0
0
0
0
1
0
0
0
0
0
0
2
0
0
2
1
0
0
0
0
0
0
1
1
0
0
0
0
0
0
0
1
0
0
0
1
2
0
0
0
0
0
1
0
1
0
1
0
0
0
0
1
0
0
0
0
0
0
0
0
0
0
0
0
0
0
0
0
2
0
1
0
0
0
0
0
0
0
0
0
9
0
0
6
0
0
3
1
0
0
0
0
0
0
0
0
1
0
0
0
4
2
7
2
1
3
7
1
1
3
0
0
4
0
0
0
0
0
1
9
7
0
5
9
7
3
2
0
2
1
0
0
3
1
8
1
1
0
0
0
4
24
0
0
0
1
0
8
2
0
8
0
0
0
0
0
0
0
1
0
0
0
3
0
1
0
10
2
1
0
1
0
0
0
3
3
5
3
1
0
0
6
4
1
0
3
3
13
0
2
0
7
0
5
5
0
0
0
0
1
0
4
0
1
3
0
0
0
0
0
0
1
2
0
0
5
0
0
4
9
2
18
0
0
0
0
0
0
0
0
6
0
1
0
0
0
0
0
2
0
0
3
0
1
2
11
0
1
0
0
2
1
0
0
0
0
0
0
5
0
0
0
4
0
0
0
7
0
0
0
0
3
0
1
14
0
0
4
0
0
0
0
0
0
4
1
2
6
7
0
4
3
3
1
0
0
3
2
2
1
0
0
0
0
0
5
2
0
0
0
5
0
2
3
1
0
5
0
0
0
0
0
0
0
0
0
0
0
0