0
0
0
0
0
0
0
0
0
0
0
0
0
0
0
0
0
0
0
0
0
0
0
0
0
0
0
0
0
0
0
0
0
0
0
0
0
0
0
0
0
0
0
0
0
0
0
0
0
0
0
0
0
0
0
0
0
0
0
0
0
0
0
0
0
0
0
0
0
0
0
0
0
0
0
0
0
0
0
0
0
0
0
0
0
0
0
0
0
0
0
0
0
0
0
0
0
0
0
0
0
0
0
0
0
0
0
0
0
0
0
0
0
0
0
0
0
0
0
0
0
1
5
0
2
0
5
0
1
3
1
4
1
3
4
3
2
0
2
0
2
0
0
2
1
0
13
2
9
2
2
2
1
1
0
0
0
1
8
0
0
25
1
0
9
8
0
0
2
4
0
0
5
12
3
8
2
1
13
4
18
3
1
30
31
5
7
19
8
1
15
0
0
0
0
2
1
29
30
5
29
40
14
12
8
14
14
3
3
1
12
5
23
9
1
1
9
1
26
27
2
0
1
6
1
10
2
1
27
1
3
2
0
4
1
10
5
12
0
2
9
1
2
1
11
12
1
3
14
1
1
3
7
6
11
14
5
0
0
14
14
2
1
12
7
18
4
10
8
12
6
7
18
8
3
1
3
1
8
22
2
2
8
4
1
11
0
0
0
10
11
4
0
6
0
0
20
18
7
26
2
1
6
1
4
7
3
1
9
7
1
8
1
3
1
1
13
3
1
1
0
6
6
26
1
8
1
3
1
4
1
0
1
0
1
0
7
0
1
11
17
0
0
0
12
1
1
0
1
15
13
2
14
4
5
17
0
1
22
4
1
1
12
7
18
19
12
0
7
16
12
10
8
15
9
10
15
10
5
1
5
11
1
7
6
2
4
9
5
6
7
3
8
1
6
3
3
0
0
0
1
1
2
1
1
1
0