 1891
 1891
 1891
 1891
 1891
 1891
 1891
 1891
 1891
 1891
 1891
 1891
 1891
 1891
 1891
 1891
 1891
 1891
 1891
 1891
 1891
 1891
 1891
 1891
 1891
 1891
 1891
 1891
 1896
 1896
 1896
 1896
 1896
 1896
 1896
 1896
 1896
 1896
 1896
 1896
 1896
 1896
 1896
 1896
 1896
 1896
 1896
 1896
 1896
 1896
 1896
 1896
 1896
 1896
 1896
 1896
 1896
 1896
 1896
 1896
 1896
 1903
 1903
 1903
 1901
 1903
 1903
 1894
 1903
 1903
 1903
 1903
 1903
 1903
 1903
 1903
 1903
 1903
 1903
 1903
 1903
 1903
 1903
 1903
 1903
 1901
 1903
 1903
 1903
 1903
 1906
 1906
 1906
 1906
 1906
 1906
 1906
 1906
 1906
 1906
 1906
 1906
 1906
 1906
 1906
 1906
 1910
 1910
 1910
 1910
 1910
 1910
 1910
 1910
 1910
 1910
 1910
 1910
 1910
 1910
 1910
 1910
 1910
 1910
 1910
 1912
 1912
 1912
 1912
 1912
 1912
 1912
 1912
 1912
 1912
 1913
 1913
 1913
 1921
 1921
 1920
 1921
 1921
 1921
 1921
 1921
 1921
 1921
 1921
 1921
 1921
 1921
 1921
 1921
 1921
 1921
 1921
 1921
 1921
 1924
 1924
 1924
 1924
 1924
 1924
 1924
 1924
 1924
 1924
 1924
 1924
 1924
 1924
 1924
 1928
 1928
 1928
 1928
 1928
 1928
 1928
 1928
 1928
 1928
 1928
 1928
 1928
 1928
 1928
 1928
 1928
 1928
 1928
 1928
 1931
 1931
 1931
 1931
 1931
 1931
 1931
 1931
 1931
 1931
 1931
 1931
 1932
 1933
 1933
 1926
 1933
 1933
 1933
 1933
 1933
 1933
 1933
 1933
 1933
 1933
 1933
 1937
 1937
 1937
 1937
 1937
 1937
 1937
 1937
 1937
 1937
 1937
 1938
 1938
 1938
 1938
 1938
 1949
 1949
 1949
 1949
 1949
 1949
 1949
 1949
 1949
 1949
 1949
 1949
 1949
 1949
 1949
 1949
 1949
 1949
 1949
 1949
 1949
 1949
 1949
 1949
 1951
 1951
 1951
 1951
 1951
 1951
 1951
 1952
 1953
 1953
 1953
 1953
 1953
 1953
 1953
 1953
 1955
 1955
 1955
 1955
 1955
 1955
 1955
 1955
 1955
 1955
 1955
 1955
 1955
 1955
 1955
 1955
 1956
 1956
 1956
 1956
 1956
 1956
 1956
 1958
 1958
 1958
 1958
 1958
 1958
 1958
 1958
 1958
 1958
 1958
 1960
 1960
 1960
 1960
 1960
 1960
 1960
 1960
 1960
 1960
 1960
 1960
 1960
 1960
 1960
 1960
 1960
 1960
 1960
 1960
 1960
 1960
 1960
 1961
 1961
 1961
 1961
 1961
 1962
 1962
 1962
 1962
 1962
 1962
 1963
 1963
 1963
 1963
 1963
 1963
 1963
 1963
 1963
 1963
 1963
 1964
 1964
 1964
 1965
 1965
 1965
 1965
 1965
 1965
 1965
 1965
 1965
 1965
 1965
 1967
 1967
 1967
 1967
 1967
 1967
 1967
 1967
 1967
 1968
 1968
 1969
 1969
 1969
 1969
 1969
 1969
 1969
 1970
 1970
 1970
 1970
 1970
 1970
 1971
 1971
 1971
 1971
 1971
 1971
 1971
 1972
 1972
 1972
 1972
 1974
 1974
 1974
 1974
 1974
 1974
 1974
 1974
 1974
 1974
 1974
 1974
 1974
 1974
 1974
 1974
 1974
 1974
 1974
 1974
 1974
 1974
 1974
 1974
 1974
 1974
 1975
 1976
 1976
 1976
 1976
 1977
 1977
 1977
 1977
 1977
 1977
 1977
 1977
 1980
 1980
 1980
 1980
 1980
 1980
 1980
 1980
 1980
 1980
 1980
 1980
 1980
 1980
 1980
 1981
 1981
 1981
 1981
 1981
 1981
 1981
 1981
 1981
 1981
 1981
 1981
 1981
 1982
 1984
 1984
 1984
 1984
 1984
 1984
 1984
 1984
 1984
 1984
 1986
 1986
 1986
 1986
 1986
 1986
 1986
 1986
 1986
 1986
 1989
 1989
 1989
 1989
 1989
 1989
 1992
 1992
 1992
 1992
 1992
 1992
 1992
 1992
 1992
 1992
 1992
 1992
 1992
 1992
 1992
 1992
 1992
 1992
 1993
 1993
 1993
 1993
 1993
 1993
 1993
 1993
 1990
 1993
 1993
 1993
 1993
 1993
 1993
 1993
 1993
 1994
 1994
 1994
 1994
 1994
 1994
 1994
 1994
 1994
 1994
 1994
 1994
 1994
 1994
 1994
 1995
 1995
 1995
 1995
 1995
 1995
 1995
 1995
 1996
 1996
 1996
 1996
 1996
 1996
 1996
 1996
 1996
 1990
 1997
 1997
 1997
 1997
 1997
 1997
 1997
 1997
 1997
 1997
 1997
 1997
 1997
 1997
 1997
 1998
 1998
 1998
 1998
 1991
 1999
 1999
 1999
 1999
 1999
 1999
 1999
 1999
 1999
 1999
 1999
 1999
 1999
 1999
 2000
 2000
 2000
 2000
 2000
 2000
 2000
 2000
 2000
 2001
 2001
 2001
 2001
 2001
 2001
 2001
 2001
 2001
 2001
 2001
 2001
 2001
 2002
 2002
 2002
 2002
 2002
 2002
 2002
 2002
 2002
 2002
 2002
 2002
 2002
 2002
 2002
 2002
 2002
 2002
 2002
 2002
 2002
 2002
 2002
 2002
 2002
 2003
 2003
 2003
 2003
 2003
 2003
 2003
 2003
 2003
 2003
 2003
 2003
 2003
 2003
 2004
 2004
 2004
 2004
 2004
 2004
 2004
 2004
 2004
 2004
 2004
 2005
 2005
 2005
 2005
 2006
 2006
 2006
 2006
 2006
 2006
 2006
 2006
 2006
 2006
 2006
 2006
 2006
 2007
 2007
 2007
 2007
 2007
 2007
 2007
 2008
 2008
 2008
 2008
 2008
 2008
 2008
 2008
 2009
 2009
 2009
 2009
 2009
 2009
 2010
 2010
 2010
 2010
 2010
 2010
 2010
 2010
 2010
 2010
 2010
 2010
 2011
 2011
 2011
 2011
 2011
 2012
 2012
 2012
 2012
 2012
 2012
 2012
 2012
 2012
 2012
 2012
 2012
 2013
 2013
 2013
 2013
 2013
 2013
 2013
 2013
 2013
 2013
 2013
 2014
 2014
 2014
 2014
 2014
 2014
 2014
 2014
 2014
 2014
 2014
 2014