0
0
0
0
0
0
0
0
0
0
0
0
0
0
0
0
2
0
0
0
0
0
0
0
0
0
1
0
1
1
0
0
0
0
0
0
0
1
1
0
0
1
0
0
0
0
0
1
0
1
0
0
1
0
0
0
1
1
1
1
1
1
1
5
3
0
3
9
0
1
0
2
0
1
0
0
0
0
0
0
2
0
1
1
2
1
1
5
1
3
1
0
1
2
2
1
0
1
2
1
2
2
2
2
8
4
2
1
2
2
2
6
1
1
2
1
1
0
6
0
0
1
1
7
1
5
5
4
4
5
5
6
5
3
5
2
1
1
2
5
8
1
0
1
0
1
10
1
0
0
3
3
4
1
1
1
1
0
0
3
2
1
12
2
3
3
5
2
2
2
0
1
2
1
6
6
1
13
1
1
2
1
1
13
0
0
2
1
1
14
1
1
0
0
13
12
3
7
4
1
3
7
4
1
3
5
8
1
1
4
3
8
8
0
0
0
0
1
2
2
1
4
4
6
3
6
1
1
1
0
4
3
2
2
2
1
0
10
3
2
7
4
4
10
4
4
12
2
1
4
1
1
15
8
15
11
1
2
1
1
1
9
8
5
10
7
8
6
10
3
8
2
1
3
2
2
2
3
17
0
3
0
5
2
0
3
4
4
4
2
6
3
2
2
3
1
3
0
0
0
9
0
1
7
0
0
12
0
9
1
0
1
1
19
18
1
1
15
7
1
1
2
3
8
5
13
8
12
14
2
6
18
10
1
24
1
1
1
1
12
0
3
3
3
15
13
2
2
1
19
0
0
1
2
5
7
9
0
3
0
0
1
1
0
3
1
0
22
1
0
8
2
16
2
4
11
9
18
16
3
2
2
6
0
0
0
1
0
0
7
7
3
9
0
4
2
4
7
18
3
2
5
0
0
6
4
9
0
7
4
6
7
7
2
16
0
0
0
0
0
5
1
2
13
2
3
8
4
4
2
1
3
2
2
17
3
1
2
1
19
1
1
1
1
9
0
4
0
4
4
1
3
1
1
4
1
0
1
8
2
0
2
2
1
2
1
2
2
2
0
1
3
2
1
0
0
0
0
1
1
0
0
0
4
3
1
1
6
1
0
0
2
0
0
0
0
4
2
10
5
3
7
3
2
13
17
5
4
6
3
3
5
2
4
10
4
1
5
8
2
2
9
3
6
4
10
9
4
2
11
28
11
0
6
20
4
5
24
2
5
1
10
27
0
0
8
0
0
0
1
0
0
0
7
10
13
1
6
4
5
5
12
2
24
1
1
10
1
4
34
13
4
9
7
4
0
0
0
0
12
10
1
5
11
0
13
9
9
14
27
14
5
20
3
14
21
5
11
1
1
0
20
7
40
7
3
7
10
12
1
1
6
18
4
7
43
8
10
24
2
0
12
10
0
6
0
0
12
5
9
1
2
0
6
6
1
0
2
21
33
3
8
2
4
2
1
31
1
5
0
4
7
21
1
2
4
1
3
20
22
4
23
11
14
19
0
3
1
3
0
32
12
3
1
13
4
2
9
18
4
16
8
23
8
13
2
2
14
2
0
2
3
16
18
3
9
0
10
4
18
4
1
14
2
6
19
12
0
3
12
2
8
5
11
2
2
9
0
3
0
13
7
5
3
2
2
2
1
7
8
4
5
0
1
2
3
9
3
1
1
0
6
1
4
6
2
0
1
0
0
0
4
3
3
0
0
2
2
1
2
2
1
1