0
0
0
0
0
0
0
0
0
0
0
0
0
0
0
0
6
0
0
0
0
0
0
0
0
0
0
0
0
0
0
0
0
0
0
0
0
0
3
0
0
0
2
0
0
0
0
3
0
6
0
0
0
0
0
0
0
0
0
2
0
3
0
3
3
0
3
3
0
0
0
3
0
0
0
0
0
0
0
0
0
0
0
0
0
0
0
9
3
0
0
0
0
0
0
0
0
0
0
3
0
0
8
0
38
6
0
0
3
3
0
8
0
0
0
0
3
0
3
3
0
3
0
6
3
6
0
3
0
18
16
16
15
0
0
0
0
0
0
0
3
0
0
0
0
0
6
0
0
3
0
0
0
0
3
0
0
0
0
3
3
0
46
0
13
0
6
3
0
0
0
0
6
0
6
0
0
3
0
0
0
0
0
55
0
0
3
3
0
3
0
0
0
0
21
6
0
0
0
0
0
10
3
0
0
6
0
0
0
3
0
6
29
0
0
0
0
0
0
0
0
9
6
3
0
15
0
0
6
0
3
3
0
3
0
6
0
18
0
0
48
0
0
9
10
0
16
0
0
10
0
0
12
6
15
6
0
0
0
0
0
8
6
6
0
11
18
9
3
6
0
3
0
0
19
3
0
15
10
0
0
0
12
0
3
6
15
3
28
6
0
6
0
0
3
0
11
0
3
0
0
3
8
6
0
0
12
0
3
0
0
0
0
24
24
3
0
15
9
0
3
0
20
0
0
88
18
0
6
0
0
18
0
0
11
6
9
6
0
0
0
3
0
0
9
3
3
0
3
3
0
0
0
12
9
47
0
0
0
5
0
0
0
0
6
0
0
21
0
0
26
0
15
0
0
15
0
130
18
3
3
0
12
0
0
0
0
0
0
3
62
0
0
0
10
0
6
0
12
6
0
0
0
0
24
0
0
0
8
4
4
0
89
0
48
0
18
0
0
0
4
0
4
4
4
0
4
10
3
8
0
0
4
0
24
0
21
0
0
0
4
0
0
4
312
4
12
0
20
48
0
14
4
0
12
0
8
0
82
0
22
4
4
0
0
0
0
4
0
0
4
41
16
0
0
0
0
0
0
7
4
4
0
0
0
0
8
9
4
0
0
4
0
0
0
4
0
0
115
0
0
10
0
0
15
100
40
0
0
0
0
15
0
20
40
0
0
34
15
5
0
5
0
240
0
0
156
0
0
35
190
15
86
70
5
5
10
60
0
10
20
30
25
0
0
25
10
0
0
10
0
0
0
0
5
30
0
0
5
10
0
50
0
45
0
0
28
17
10
893
105
181
35
30
5
0
0
10
0
55
5
23
108
95
5
5
10
5
50
130
0
5
20
10
25
10
25
221
5
10
0
15
15
40
145
0
0
51
0
0
0
20
154
10
22
35
5
45
50
15
0
35
0
0
13
0
0
171
5
40
0
10
0
31
5
5
0
5
35
135
0
15
0
0
0
0
20
0
10
0
5
20
60
0
0
5
0
0
160
50
69
70
0
20
75
0
0
0
0
0
285
30
15
30
25
0
7
0
5
5
35
5
135
5
90
0
0
132
0
0
0
0
5
45
0
5
0
5
0
10
10
0
25
25
5
688
25
0
0
25
5
25
15
25
15
0
5
0
0
0
106
35
15
0
0
0
0
0
30
0
0
15
0
0
20
0
10
8
0
6
0
35
0
5
10
0
0
0
0
0
0
25
10
65
2
0
0
0
0
0
10
0
0