0
0
0
0
0
0
0
0
0
0
0
0
0
0
0
0
0
0
0
0
0
0
0
0
0
0
0
0
0
0
0
0
0
0
0
0
0
0
1
0
0
0
0
0
0
0
0
1
0
2
0
0
0
0
0
0
0
0
0
0
0
1
0
1
1
0
1
1
0
0
0
1
0
0
0
0
0
0
0
0
0
0
0
0
0
0
0
3
1
0
0
0
0
0
0
0
0
0
0
1
0
0
1
0
3
2
0
0
1
1
0
2
0
0
0
0
1
0
1
1
0
1
0
2
1
2
0
1
0
6
4
0
5
0
0
0
0
0
0
0
1
0
0
0
0
0
1
0
0
1
0
0
0
0
1
0
0
0
0
1
1
0
2
0
3
0
2
1
0
0
0
0
2
0
2
0
0
1
0
0
0
0
0
0
0
0
1
1
0
1
0
0
0
0
7
2
0
0
0
0
0
2
1
0
0
2
0
0
0
1
0
2
4
0
0
0
0
0
0
0
0
3
2
1
0
5
0
0
2
0
1
1
0
1
0
2
0
1
0
0
0
0
0
3
1
0
3
0
0
0
0
0
4
2
5
2
0
0
0
0
0
0
2
2
0
2
6
3
1
2
0
1
0
0
0
1
0
5
2
0
0
0
4
0
1
1
4
1
3
2
0
2
0
0
1
0
0
0
1
0
0
1
0
2
0
0
4
0
1
0
0
0
0
8
8
1
0
5
1
0
1
0
0
0
0
5
6
0
0
0
0
6
0
0
1
2
0
2
0
0
0
1
0
0
3
1
1
0
1
1
0
0
0
1
3
2
0
0
0
1
0
0
0
0
2
0
0
7
0
0
0
0
5
0
0
5
0
6
6
0
1
0
4
0
0
0
0
0
0
1
0
0
0
0
3
0
2
0
3
2
0
0
0
0
1
0
0
0
2
1
1
0
0
0
12
0
0
0
0
0
1
0
1
1
1
0
1
1
0
2
0
0
1
0
6
0
0
0
0
0
1
0
0
1
2
1
3
0
5
12
0
2
1
0
3
0
2
0
19
0
1
1
1
0
0
0
0
1
0
0
1
2
4
0
0
0
0
0
0
1
1
1
0
0
0
0
2
2
1
0
0
1
0
0
0
1
0
0
10
0
0
2
0
0
3
20
0
0
0
0
0
3
0
4
8
0
0
4
3
1
0
1
0
6
0
0
1
0
0
7
38
3
5
14
1
1
2
12
0
2
4
6
5
0
0
5
2
0
0
2
0
0
0
0
1
6
0
0
1
2
0
10
0
9
0
0
6
0
2
25
21
2
7
6
1
0
0
2
0
11
1
2
5
19
1
1
2
1
10
26
0
1
4
2
5
2
5
2
1
2
0
3
3
8
0
0
0
5
0
0
0
4
3
2
4
7
1
9
10
3
0
7
0
0
2
0
0
2
1
8
0
2
0
4
1
1
0
1
7
27
0
3
0
0
0
0
4
0
2
0
1
4
12
0
0
1
0
0
32
10
2
14
0
4
15
0
0
0
0
0
57
6
3
6
5
0
0
0
1
1
7
1
8
1
18
0
0
10
0
0
0
0
1
9
0
1
0
1
0
2
2
0
5
5
1
8
5
0
0
5
1
5
3
5
3
0
1
0
0
0
2
7
3
0
0
0
0
0
6
0
0
3
0
0
4
0
2
0
0
0
0
7
0
1
2
0
0
0
0
0
0
5
2
2
0
0
0
0
0
0
2
0
0