0
0
0
0
0
0
0
0
0
0
0
0
0
0
0
0
0
0
0
0
0
0
0
0
0
0
0
0
0
0
0
0
0
0
0
0
0
0
0
0
0
0
0
0
0
0
0
0
0
0
0
0
0
0
0
0
0
0
0
0
0
0
0
0
0
0
0
0
0
0
0
0
0
0
0
0
0
0
0
0
0
0
0
0
0
0
0
0
0
0
0
0
0
0
0
0
0
0
0
0
0
0
0
0
0
0
0
0
0
0
0
0
0
0
0
0
0
0
0
0
0
0
0
0
0
0
0
0
0
0
0
0
0
0
0
0
0
0
0
0
0
0
0
0
0
0
1
0
0
0
0
0
0
0
0
0
0
0
0
0
0
0
0
0
0
0
0
0
0
0
0
0
0
0
0
0
0
0
0
0
0
0
0
0
0
0
0
0
0
0
0
0
0
0
0
0
0
0
0
0
0
0
0
0
0
0
0
0
0
0
0
0
0
0
0
0
0
0
0
0
0
0
0
0
0
0
0
0
0
0
0
0
0
0
0
0
0
0
0
0
0
0
0
0
0
0
0
0
0
0
0
0
0
0
0
0
0
0
0
0
0
0
0
0
0
0
0
0
0
0
0
0
0
0
0
0
0
0
0
0
0
0
0
0
0
0
0
0
0
0
0
0
0
0
0
0
0
0
0
0
0
0
0
0
0
0
0
0
0
0
0
0
0
0
0
0
0
0
0
0
0
0
0
0
0
0
0
0
0
0
0
0
0
0
0
0
0
0
0
0
0
0
0
0
0
0
0
0
0
0
0
0
0
0
0
0
0
0
0
0
0
0
0
0
0
0
0
0
0
0
0
0
0
0
0
0
0
0
0
0
0
0
0
0
0
0
0
0
0
0
0
0
0
0
0
0
0
0
0
0
0
0
0
0
0
0
0
0
0
0
0
0
0
0
0
0
0
0
0
0
0
0
0
0
0
0
0
0
0
0
0
0
0
0
0
0
0
0
0
0
0
0
0
0
19
2
10
2
15
14
10
10
10
7
15
3
3
1
16
5
6
7
0
0
3
0
0
5
4
2
2
11
10
5
4
2
4
2
3
7
2
2
2
4
5
1
3
10
5
3
2
5
2
2
2
2
3
3
23
1
1
7
2
0
19
28
1
3
1
2
2
11
1
5
15
3
0
20
19
15
1
12
1
16
11
11
26
3
2
25
60
15
6
20
33
9
11
51
1
6
9
23
52
6
4
35
2
1
2
8
1
5
2
6
28
29
6
7
6
3
8
26
2
41
0
2
28
1
2
67
30
9
27
13
2
1
1
5
7
29
16
8
9
26
2
23
8
11
16
36
14
6
29
2
18
18
7
9
1
10
1
18
11
69
8
4
4
21
13
0
1
6
23
6
16
76
4
19
28
4
2
22
14
1
12
4
4
19
9
14
8
3
3
5
9
1
1
3
64
70
0
12
0
5
0
0
43
0
6
2
10
12
49
5
2
2
2
1
52
40
4
51
11
17
50
2
10
8
5
1
71
41
5
3
34
8
1
15
19
7
36
17
55
14
45
0
0
38
0
1
1
7
44
51
2
10
4
18
8
44
5
6
28
2
14
38
16
1
1
21
4
8
9
23
9
2
24
1
3
4
27
24
4
0
1
1
0
0
17
23
12
16
1
4
10
1
20
3
2
1
2
19
2
9
14
8
2
0
4
2
1
7
6
6
1
1
5
3
2
0
4
1
1