0
0
0
0
0
0
0
0
0
0
0
0
0
0
0
0
2
0
0
0
0
0
0
0
0
0
0
3
1
1
1
1
1
1
3
3
1
3
1
1
1
0
1
0
0
0
0
1
2
2
2
2
2
2
1
1
2
1
1
1
1
0
1
0
1
0
1
0
1
0
0
0
0
0
0
0
0
0
0
0
0
0
0
1
0
1
0
0
1
1
1
0
0
1
1
4
1
0
1
1
0
4
8
4
2
6
3
2
2
5
1
6
1
9
3
1
4
4
9
1
3
5
2
8
11
6
1
3
1
3
1
1
3
13
3
17
1
1
4
2
3
3
1
1
1
2
2
4
1
1
18
2
5
25
1
2
1
5
14
3
1
3
5
0
18
8
13
10
2
1
2
26
2
1
5
14
0
2
9
1
11
3
3
2
26
2
7
2
1
7
3
5
6
7
1
3
2
4
4
1
2
1
3
2
3
3
11
0
1
0
3
1
1
1
2
1
1
33
1
22
30
4
1
1
1
2
11
9
24
5
16
3
20
19
1
7
28
13
0
1
2
22
2
0
10
41
3
17
8
35
5
4
1
0
5
23
1
27
36
11
9
14
5
4
21
2
2
1
1
6
8
2
4
2
16
11
11
1
4
1
25
1
1
11
5
8
2
1
6
20
5
33
9
2
3
1
7
13
15
46
1
1
22
8
6
12
3
7
15
6
14
9
29
1
1
5
1
7
16
2
1
4
6
6
32
5
0
10
6
6
5
3
41
10
18
14
8
13
7
14
2
9
2
36
2
13
0
1
6
1
1
3
10
2
7
3
5
8
3
4
3
2
2
2
5
1
7
1
2
7
0
8
17
3
29
2
4
10
2
5
19
20
4
31
5
12
13
3
3
2
2
9
4
14
7
20
21
4
1
3
19
10
11
2
12
8
3
11
2
4
16
0
3
0
18
0
0
0
5
5
18
2
14
10
1
2
2
9
2
3
1
1
8
6
6
1
1
5
11
2
8
6
4
6
3
4
3
0
4
3
5
3
1
1
3
2
2
2
1
1