0
0
0
5
0
3
0
0
0
0
0
3
0
0
0
0
3
0
0
0
0
0
0
0
0
0
0
15
0
0
3
0
0
0
0
12
0
0
5
0
0
2
0
0
3
0
0
0
3
0
0
0
12
3
0
0
0
0
0
6
3
0
0
0
0
0
4
0
0
12
0
0
0
0
0
0
8
0
0
0
0
6
0
0
0
0
0
0
28
4
0
0
0
0
4
6
0
0
0
0
0
0
0
0
0
21
0
0
0
0
0
0
0
16
0
0
3
4
0
0
0
0
0
8
12
0
0
0
0
3
0
0
0
0
4
65
0
0
8
0
0
0
0
4
0
4
0
0
0
4
16
22
8
8
0
13
0
0
0
9
0
0
0
11
12
8
4
4
0
0
0
143
0
0
0
144
0
12
12
0
4
0
8
0
0
8
16
4
0
0
0
0
18
0
4
4
0
4
0
0
0
16
0
0
0
4
5
0
0
0
14
9
0
0
0
0
0
130
0
56
10
5
0
0
0
0
5
0
40
5
10
0
20
30
0
5
30
286
0
0
0
0
0
0
15
0
0
20
0
5
0
0
0
0
15
35
0
109
20
40
7
30
0
0
15
0
15
0
0
0
29
0
0
0
10
15
5
0
0
0
15
0
4
5
8
5
0
0
0
50
0
20
100
0
0
0
5
63
5
30
0
0
15
20
0
13
0
0
10
10
5
0
465
0
0
10
0
0
45
10
0
0
25
45
85
0
0
5
0
6
0
5
55
10
25
15
0
69
0
0
0
15
0
15
0
0
0
0
0
0
0
0
20
30
0
0
12
0
5
10
0
6
0
0
0
0
5
0
0
0
0
0
65
0
212
0
0
0
0
0
60
5
0
23
15
5
5
0
0
0
0
15
5
0
10
0
30
5
0
0
0
0
0
0
5
30
5
10
0
5
5
0
5
0
5
0
3
0
10
7
15
0
35
15
0
0
10
10
5
0
0
0
5
5
0
8
0
52
5
0
5
10
0
19
0
0
0
0
0
0
5
0
0
5
10
0
0
0
0
4