0
0
0
0
0
0
0
0
0
0
0
0
0
0
0
0
0
0
0
0
0
0
0
0
0
0
0
0
0
0
0
0
0
0
0
0
0
0
1
0
0
0
0
0
0
0
0
0
0
0
0
0
0
0
0
0
0
0
0
0
0
0
0
0
0
0
0
0
0
0
0
0
0
0
0
0
0
0
0
0
0
0
0
0
0
0
0
0
0
0
0
0
0
1
0
1
0
1
1
1
1
1
2
0
0
0
0
0
0
0
0
0
0
3
0
0
0
0
3
0
0
2
0
3
6
0
0
1
0
1
0
0
2
6
0
7
0
1
4
0
1
3
2
1
0
1
4
3
1
1
9
1
1
11
0
2
0
2
7
0
0
0
1
1
7
4
3
4
0
0
0
11
0
0
4
6
1
2
6
0
5
0
1
0
12
1
5
2
1
2
3
4
3
2
1
3
1
3
1
1
1
1
0
0
1
1
6
1
1
1
2
0
0
0
0
0
0
14
0
11
14
1
0
0
0
1
6
3
15
2
8
0
9
6
1
4
17
11
1
1
2
15
2
1
5
21
2
8
4
23
2
1
0
1
7
10
1
15
17
6
3
6
1
1
8
2
3
1
2
5
5
0
0
0
4
4
4
0
0
1
12
1
0
7
3
3
0
0
1
15
2
16
3
2
2
1
2
7
2
21
0
0
10
2
1
5
1
2
4
2
10
3
19
1
0
6
1
5
12
2
1
0
6
7
21
4
1
5
2
1
3
2
21
5
4
5
3
5
2
4
1
2
2
14
0
4
1
1
2
1
1
1
3
3
1
1
5
3
1
3
0
1
0
3
3
0
3
1
1
2
2
1
6
1
15
0
0
5
0
0
10
9
1
16
1
9
2
0
0
0
0
3
4
7
7
10
11
1
0
0
9
2
7
2
5
5
1
8
1
3
9
2
3
1
10
1
1
1
4
1
8
0
6
2
0
1
1
7
1
4
1
1
3
4
1
1
3
3
4
0
5
3
3
5
3
5
3
1
3
1
3
1
0
1
1
1
1
1
1
0